0,0
0.00959606150507938,0.279569008739334
0.0191921230101588,0.559138017478667
0.0287881845152382,0.838707026218001
0.0383842460203175,1.11827603495733
0.0479803075253969,1.39784504369667
0.0575763690304763,1.677414052436
0.0671724305355557,1.95698306117534
0.0791206112779242,2.2345259
0.0914713012779242,2.3884251
0.102490811277924,3.0811057
0.113438701277924,3.43097
0.128308481277924,3.4801812
0.138665391277924,4.2055025
0.150801201277924,4.4745655
0.164924791277924,4.5963898
0.178749931277924,5.2664952
0.187895041277924,5.621664
0.202114181277924,6.0371904
0.208179071277924,6.0171857
0.223860701277924,6.4571576
0.241231671277924,6.9158225
0.251982551277924,7.1237683
0.264028801277924,7.7930241
0.273914141277924,8.1231441
0.287082631277924,8.0684948
0.301415191277924,8.7677164
0.313747961277924,9.0677586
0.326498611277924,9.4542208
0.338467261277924,9.7832899
0.350364281277924,10.059804
0.365156461277924,10.225847
0.377345961277924,10.388062
0.390639831277924,10.589354
0.400680351277924,11.100314
0.415878461277924,11.100941
0.426521941277924,11.690818
0.438233901277924,11.944048
0.451963531277924,12.198955
0.464648471277924,12.346186
0.475870951277924,12.338758
0.492113691277924,12.650415
0.501867701277924,13.223908
0.513537871277924,13.471588
0.522509921277924,13.605393
0.541247831277924,13.869934
0.549712461277924,14.248446
0.566032811277924,14.202133
0.578317871277924,14.490806
0.587743511277924,14.816694
0.601831301277924,15.057266
0.615877321277924,15.187875
0.629499481277924,15.223831
0.638178991277924,15.501924
0.650989341277924,15.722841
0.665351731277924,15.812553
0.677051771277924,15.891984
0.688244391277924,16.073853
0.700893571277924,16.101234
0.713035331277924,16.299248
0.727332041277924,16.423054
0.739467841277924,16.497179
0.748905471277924,16.471773
0.766288381277924,16.588242
0.777988361277924,16.5812
0.787479741277924,16.511097
0.800534831277924,16.297235
0.815464301277924,16.562126
0.826089841277924,16.580858
0.835945291277924,16.333006
0.848540771277924,16.465925
0.864025401277924,16.481438
0.876328331277924,16.294241
0.887538841277924,16.119919
0.903859201277924,16.035542
0.913195401277924,16.081825
0.926543001277924,16.043074
0.939341301277924,15.581422
0.951680001277924,15.079759
0.965463401277924,14.903806
0.971844801277924,14.551558
0.990797601277924,13.993912
0.999745701277924,13.710253
1.01260980127792,13.295494
1.02610660127792,12.703523
1.03970490127792,12.384288
1.05045580127792,12.163557
1.06414960127792,12.005188
1.07698980127792,11.883847
1.08835550127792,11.778943
1.10168520127792,11.61398
1.11425080127792,11.472657
1.12636860127792,11.336237
1.13794340127792,11.213191
1.15275350127792,10.946125
1.16561150127792,10.897301
1.17854720127792,10.819517
1.18797880127792,10.707863
1.20163690127792,10.575197
1.21270420127792,10.380239
1.22749040127792,10.16055
1.23905910127792,10.130748
1.25089040127792,9.9043255
1.26384400127792,9.7462912
1.27642150127792,9.592392
1.28855740127792,9.4441023
1.29990520127792,9.1969595
1.31472120127792,9.0044737
1.32860020127792,8.8433628
1.34016880127792,8.7037086
1.35013170127792,8.610055
1.36362850127792,8.4611177
1.37560320127792,8.299902
1.39015070127792,8.1005621
1.40218490127792,7.8637972
1.41385510127792,7.7349544
1.42577000127792,7.5081291
1.43776860127792,7.324554
1.45105650127792,7.1796999
1.46276250127792,7.0479512
1.47689200127792,6.9687963
1.49006040127792,6.8664846
1.50349160127792,6.7081451
1.51377090127792,6.6332221
1.52659920127792,6.5560045
1.53751120127792,6.4738617
1.55186770127792,6.3587875
1.56399150127792,6.2570868
1.57572730127792,6.1068983
1.59038830127792,5.9394317
1.59855440127792,5.7342873
1.61333460127792,5.6961255
1.62468240127792,5.5602493
1.63952240127792,5.4147167
1.65131790127792,5.346529
1.66385960127792,5.2564592
1.67721320127792,5.1665454
1.68952210127792,5.0579085
1.70192050127792,4.9806013
1.71372810127792,4.9033761
1.72611450127792,4.8386679
1.73842940127792,4.8135223
1.75167550127792,4.7659726
1.76433060127792,4.711956
1.77570230127792,4.6474857
1.78866790127792,4.6349316
1.80070220127792,4.5905337
1.81358420127792,4.5026393
1.82694370127792,4.4260321
1.83965850127792,4.3629856
1.85122730127792,4.3052731
1.86369730127792,4.2524562
1.87489000127792,4.1951985
1.88991500127792,4.1566191
1.89919730127792,4.1476192
1.91344050127792,4.1290445
1.92612530127792,4.0953159
1.93881630127792,4.0675998
1.95096990127792,4.0452108
1.96500990127792,3.9883704
1.97553420127792,3.9540305
1.98834440127792,3.9109886
1.99990130127792,3.8631783
2.01459190127792,3.8267448
2.02543830127792,3.7500114
2.03907850127792,3.7287621
2.05145290127792,3.6941245
2.06382750127792,3.6206393
2.07583780127792,3.6054029
2.08816480127792,3.5948305
2.10184670127792,3.5374091
2.11449570127792,3.518708
2.12512130127792,3.45508
2.13940020127792,3.4372063
2.15224030127792,3.3912807
2.16339110127792,3.3777728
2.17678640127792,3.3401699
2.18941780127792,3.2968595
2.20102830127792,3.2518432
2.21352810127792,3.2477453
2.22687580127792,3.2271891
2.24008610127792,3.2019689
2.25183390127792,3.1921415
2.26393980127792,3.1519084
2.27586670127792,3.1365304
2.29039620127792,3.1227918
2.30147530127792,3.1036587
2.31559890127792,3.1040683
2.32443380127792,3.0766056
2.33791850127792,3.0231028
2.35101560127792,2.948612
2.36253640127792,2.9367356
2.37698840127792,2.9276981
2.39024040127792,2.9122756
2.40192240127792,2.8843136
2.41390920127792,2.8849392
2.42681500127792,2.8359666
2.43898650127792,2.8249695
2.45167750127792,2.8262286
2.46257160127792,2.776876
2.47663570127792,2.7569308
2.48918910127792,2.7219951
2.50408290127792,2.6772916
2.51322790127792,2.6883335
2.52615160127792,2.6635752
2.53766680127792,2.659142
2.55173060127792,2.6650355
2.56368130127792,2.6459322
2.57730360127792,2.6450455
2.58909320127792,2.5899558
2.60012460127792,2.5765896
2.61417650127792,2.4942234
2.62636610127792,2.5257394
2.63883020127792,2.4980233
2.65094800127792,2.4884343
2.66423610127792,2.484858
2.67634800127792,2.4696217
2.68792840127792,2.4441109
2.70197460127792,2.4089441
2.71346570127792,2.3958087
2.72408530127792,2.3650229
2.73868630127792,2.361454
2.75048180127792,2.3318081
2.76594260127792,2.3316071
2.77637720127792,2.2924616
2.78909800127792,2.2801385
2.79674480127792,2.2379904
2.81354860127792,2.2760482
2.82515910127792,2.2405386
2.83853650127792,2.2451355
2.85003350127792,2.2322609
2.86336920127792,2.2136643
2.87609000127792,2.2167861
2.88788560127792,2.1686406
2.90188980127792,2.2010059
2.91357800127792,2.1810308
2.92615560127792,2.1500735
2.93851800127792,2.1493287
2.95145960127792,2.1307321
2.95905870127792,2.0815432
2.97538520127792,2.1085143
2.99032660127792,2.0581856
3.00185940127792,2.0453334
3.01464580127792,2.0439997
3.02528330127792,2.0265131
3.03907870127792,2.0184293
3.05125020127792,1.9841343
3.06394120127792,1.9837171
3.07607700127792,1.9593686
3.08937690127792,1.9341111
3.10167980127792,1.9010752
3.11191130127792,1.8735602
3.12477540127792,1.8565133
3.13853480127792,1.8477887
3.15139890127792,1.8239543
3.16350480127792,1.8025711
3.17518090127792,1.7648339
3.19017030127792,1.7491207
3.20019890127792,1.710698
3.21571320127792,1.7155707
3.22826100127792,1.7009377
3.23822970127792,1.6651452
3.25180430127792,1.6515553
3.26357600127792,1.6225278
3.27689360127792,1.6191378
3.28911300127792,1.5939921
3.29785230127792,1.5530735
3.31229830127792,1.571849
3.32515620127792,1.5314668
3.33778760127792,1.5471802
3.35204840127792,1.5493184
3.36511540127792,1.5327036
3.37707800127792,1.5277491
3.38930340127792,1.5131757
3.40086030127792,1.4958084
3.41262010127792,1.4951005
3.42680930127792,1.4689193
3.44046110127792,1.4767647
3.45121810127792,1.4626384
3.46377780127792,1.4454424
3.47609260127792,1.4275759
3.48957160127792,1.4161394
3.50057910127792,1.4054105
3.51424310127792,1.4020354
3.52619980127792,1.399003
3.53846100127792,1.3937876
3.55042960127792,1.3793856
3.56269070127792,1.3824254
3.57541750127792,1.3564751
3.58832930127792,1.3224632
3.60145590127792,1.3127625
3.61312630127792,1.2941287
3.62627080127792,1.2838616
3.63820960127792,1.2969747
3.64995140127792,1.2861192
3.66390200127792,1.2730882
3.67691520127792,1.2685508
3.68823910127792,1.2306497
3.69958110127792,1.2516305
3.71263030127792,1.2199283
3.72494510127792,1.2026876
3.74016710127792,1.2199507
3.75133580127792,1.1955574
3.76329850127792,1.1931509
3.77555370127792,1.1710078
3.78757000127792,1.1723862
3.80110860127792,1.1633337
3.81405040127792,1.1257455
3.82475350127792,1.1128261
3.83937860127792,1.1014714
3.85125160127792,1.0988563
3.86372180127792,1.0865033
3.87660360127792,1.085408
3.88801720127792,1.0875165
3.90146610127792,1.049988
3.91347670127792,1.0669603
3.92651960127792,1.0479763
3.93820780127792,1.0536685
3.94991370127792,1.0302663
3.96426410127792,1.0378137
3.97540310127792,1.0074973
3.98775410127792,1.0001957
4.00013470127792,1.0007992
4.01367310127792,0.99500269
4.02578520127792,0.97595155
4.03764030127792,0.97040087
4.05191920127792,0.94282627
4.06341000127792,0.9502396
4.07623840127792,0.95456839
4.08678030127792,0.93525648
4.10129810127792,0.91196597
4.11367870127792,0.90339035
4.12551570127792,0.82496554
4.13859490127792,0.80236048
4.15113660127792,0.81925839
4.16469310127792,0.81863999
4.17654250127792,0.78613311
4.18926880127792,0.76876581
4.20053930127792,0.75803697
4.21256180127792,0.7262975
4.22627330127792,0.73059648
4.23985980127792,0.73803961
4.25225230127792,0.7153824
4.26394010127792,0.71135908
4.27479290127792,0.70528686
4.28926250127792,0.71439147
4.30101610127792,0.6897226
4.31449530127792,0.68192184
4.32719210127792,0.69621205
4.33866520127792,0.69713593
4.35231710127792,0.70092082
4.36400530127792,0.68064779
4.37492350127792,0.7006079
4.38905310127792,0.68792701
4.40134980127792,0.67313015
4.41167710127792,0.66567212
4.42476200127792,0.64355135
4.44004940127792,0.65597892
4.45102710127792,0.66778809
4.46379590127792,0.64922869
4.47658850127792,0.64718723
4.48864670127792,0.6403178
4.50114650127792,0.62692165
4.51457140127792,0.64193457
4.52618190127792,0.61229616
4.53954770127792,0.63197315
4.55256680127792,0.60654432
4.56414150127792,0.61478466
4.57694600127792,0.62693655
4.58822230127792,0.60782582
4.60105060127792,0.61630458
4.61298300127792,0.57112426
4.62499350127792,0.59057772
4.63968440127792,0.57728589
4.65203500127792,0.60026348
4.66382480127792,0.55701286
4.67548300127792,0.57443976
4.68982720127792,0.55804849
4.70130040127792,0.56672841
4.71331710127792,0.58413297
4.72658700127792,0.56860596
4.73878220127792,0.56988001
4.75067350127792,0.53887069
4.76226020127792,0.56581944
4.77603740127792,0.56476146
4.78881190127792,0.53521991
4.80217150127792,0.54128468
4.81231950127792,0.52088499
4.82631180127792,0.533171
4.83773730127792,0.49862266
4.85069680127792,0.49977005
4.86371590127792,0.51909685
4.87607880127792,0.49514323
