0,0
0.00216789221273703,0.246053281483832
0.00433578442547405,0.492106562967663
0.00650367663821108,0.738159844451491
0.00867156885094811,0.984213125935323
0.0108394610636851,1.23026640741915
0.0130073532764221,1.47631968890298
0.0151752454891592,1.72237297038681
0.020453601254096,2.3654923
0.031944711254096,3.7161782
0.046635411254096,5.0437374
0.059004011254096,6.492816
0.071724801254096,7.8250394
0.080929621254096,9.1318045
0.093710131254096,10.091908
0.107427811254096,12.189075
0.118608511254096,13.439253
0.132523181254096,15.020564
0.143823241254096,16.415775
0.155547141254096,17.929531
0.172464431254096,19.282907
0.182845241254096,20.584442
0.194103511254096,22.018484
0.207098901254096,23.386084
0.219760001254096,24.179659
0.233806021254096,26.354618
0.244443511254096,27.490646
0.255910731254096,27.943686
0.269938801254096,30.362965
0.282946141254096,32.027752
0.295410251254096,33.32317
0.306346211254096,34.647495
0.321198081254096,36.018536
0.331543061254096,37.215263
0.344353381254096,38.674698
0.358327751254096,40.148033
0.368183261254096,41.257084
0.382653061254096,42.762726
0.396573721254096,43.944092
0.407581271254096,45.29187
0.420176751254096,46.628342
0.432700521254096,47.905804
0.443320101254096,49.205036
0.456034961254096,50.402493
0.469388491254096,51.634892
0.484192611254096,52.948757
0.494465951254096,54.2686
0.507974691254096,55.425152
0.521316291254096,56.595428
0.531679221254096,57.906628
0.545683451254096,59.10413
0.559735421254096,60.253784
0.571310051254096,61.328308
0.582222111254096,62.723503
0.593707271254096,63.712254
0.607520461254096,64.971375
0.619423451254096,66.082451
0.630819031254096,67.035675
0.644274061254096,68.149597
0.657245581254096,69.280045
0.671219951254096,70.240974
0.680060631254096,71.049896
0.693539561254096,72.176888
0.708033271254096,73.180092
0.719745221254096,74.024605
0.731003531254096,74.861557
0.745276331254096,75.883957
0.757650911254096,76.575386
0.769727051254096,77.304588
0.783862591254096,77.965958
0.794201561254096,78.384995
0.808098321254096,78.668282
0.819983431254096,78.799965
0.835020371254096,78.500809
0.846612911254096,77.734962
0.856540111254096,78.333916
0.869165311254096,78.031136
0.884088911254096,77.680992
0.897233511254096,77.21946
0.908909611254096,75.656769
0.919547111254096,76.479034
0.932357411254096,75.921593
0.944385811254096,75.326309
0.957482711254096,74.535858
0.970006511254096,73.784111
0.982386911254096,73.22979
0.996391211254096,72.779701
1.0081390112541,72.132736
1.0194868112541,71.659576
1.0337238112541,70.848526
1.0439793112541,70.33683
1.0591355112541,69.330734
1.0691045112541,69.173531
1.0823268112541,68.524689
1.0959071112541,67.731026
1.1093442112541,67.01532
1.1198444112541,66.444557
1.1337113112541,65.691872
1.1454711112541,64.926804
1.1565860112541,64.134109
1.1695456112541,63.356548
1.1821470112541,62.535538
1.1956260112541,61.637848
1.2071887112541,60.866295
1.2196408112541,59.81469
1.2327497112541,58.800816
1.2444676112541,57.850243
1.2570571112541,56.840763
1.2697003112541,56.011021
1.2828449112541,55.146561
1.2944076112541,54.211334
1.3068359112541,53.320095
1.3207745112541,52.500488
1.3342534112541,51.241772
1.3438283112541,50.51878
1.3576176112541,49.430771
1.3709891112541,48.344048
1.3830174112541,47.043591
1.3943415112541,45.789242
1.4072293112541,44.715195
1.4189712112541,43.854462
1.4320800112541,42.950661
1.4441322112541,42.098747
1.4578677112541,41.194424
1.4679919112541,39.885937
1.4844197112541,39.720119
1.4939827112541,38.83572
1.5091748112541,38.001625
1.5204033112541,37.182465
1.5327599112541,36.475376
1.5444599112541,35.833447
1.5581776112541,35.215214
1.5702597112541,34.63377
1.5819060112541,34.119381
1.5950805112541,33.485802
1.6074431112541,32.960327
1.6194117112541,32.374367
1.6320013112541,31.781525
1.6459398112541,31.1483
1.6582965112541,30.520708
1.6705158112541,29.956535
1.6822696112541,29.506176
1.6958619112541,28.932482
1.7075739112541,28.348028
1.7183307112541,27.922302
1.7308485112541,27.523323
1.7446558112541,27.112961
1.7559141112541,26.648693
1.7700974112541,26.275412
1.7837554112541,25.814072
1.7957479112541,25.497026
1.8052572112541,25.133558
1.8181093112541,24.693771
1.8330626112541,24.317436
1.8449835112541,23.907303
1.8571552112541,23.543976
1.8712548112541,23.233883
1.8822564112541,22.778234
1.8953594112541,22.74292
1.9076563112541,22.475109
1.9204189112541,22.062727
1.9337963112541,21.716208
1.9455441112541,21.307312
1.9582649112541,20.934038
1.9693381112541,20.586222
1.9832050112541,20.430729
1.9954902112541,20.138479
2.0059723112541,19.829304
2.0200483112541,19.52359
2.0325779112541,19.17667
2.0443078112541,18.940687
2.0572675112541,18.690325
2.0703164112541,18.261068
2.0813123112541,17.98065
2.0935973112541,17.65617
2.1084610112541,17.42474
2.1210207112541,17.11537
2.1334370112541,16.82616
2.1450893112541,16.530819
2.1584786112541,16.257912
2.1706623112541,15.949145
2.1828338112541,15.814133
2.1929341112541,15.582897
2.2054876112541,15.348397
2.2208470112541,15.147313
2.2337052112541,14.925197
2.2439665112541,14.743469
2.2569858112541,14.47609
2.2707990112541,14.217712
2.2816752112541,13.971612
2.2937990112541,13.746344
2.3068780112541,13.520673
2.3199569112541,13.349034
2.3320926112541,13.149113
2.3469208112541,13.014004
2.3575462112541,12.816273
2.3714012112541,12.570113
2.3828446112541,12.422018
2.3943595112541,12.292035
2.4067639112541,12.158714
2.4200162112541,12.023322
2.4310177112541,11.821203
2.4453384112541,11.731505
2.4579338112541,11.61813
2.4714426112541,11.53791
2.4818352112541,11.415936
2.4945918112541,11.294864
2.5072290112541,11.170104
2.5195678112541,11.077523
2.5328795112541,10.946616
2.5449139112541,10.798075
2.5577422112541,10.650494
2.5702182112541,10.508887
2.5817748112541,10.369837
2.5967044112541,10.243654
2.6059748112541,10.141179
2.6188687112541,10.023311
2.6341864112541,9.9039373
2.6471459112541,9.8090467
2.6570967112541,9.6929598
2.6689879112541,9.6052065
2.6809446112541,9.5276384
2.6939222112541,9.4197769
2.7091082112541,9.364501
2.7176088112541,9.2438755
2.7341617112541,9.179369
2.7457305112541,8.9977827
2.7591497112541,9.0558376
2.7691365112541,8.9308624
2.7825617112541,8.8609533
2.7934440112541,8.7394934
2.8069707112541,8.6944399
2.8216554112541,8.5987968
2.8325974112541,8.5421581
2.8460225112541,8.4854364
2.8574480112541,8.3846226
2.8696433112541,8.3177013
2.8823701112541,8.1961823
2.8956102112541,8.0970745
2.9059015112541,7.9986377
2.9204072112541,7.9322457
2.9332951112541,7.7986641
2.9450489112541,7.7219234
2.9570473112541,7.6777191
2.9682759112541,7.5954051
2.9821428112541,7.5547619
2.9949351112541,7.4375868
3.0077397112541,7.3529258
3.0193320112541,7.3126631
3.0329126112541,7.2007551
3.0455199112541,7.1529598
3.0585929112541,7.0759578
3.0701018112541,7.0191994
3.0827211112541,6.9909096
3.0931081112541,6.9250317
3.1071540112541,6.8678856
3.1203881112541,6.8158059
3.1342491112541,6.7648811
3.1448508112541,6.7105517
3.1581565112541,6.6595225
3.1700059112541,6.5935478
3.1820341112541,6.5000653
3.1953639112541,6.3871818
3.2083234112541,6.290555
3.2182745112541,6.2400846
3.2316459112541,6.2181354
3.2449397112541,6.1363277
3.2576605112541,6.0863791
3.2700709112541,6.021358
3.2819260112541,5.9766474
3.2945276112541,5.9268026
3.3065022112541,5.8751183
3.3189543112541,5.8204455
3.3333465112541,5.7535396
3.3455182112541,5.7220087
3.3592001112541,5.6098404
3.3693062112541,5.6145339
3.3811196112541,5.5975242
3.3945509112541,5.5649056
3.4066569112541,5.4934993
3.4196461112541,5.430624
3.4330834112541,5.3902864
3.4467534112541,5.3329988
3.4591337112541,5.3065567
3.4705771112541,5.2727981
3.4836980112541,5.2089691
3.4944369112541,5.1942391
3.5081903112541,5.1506386
3.5183324112541,5.0950499
3.5337394112541,5.063385
3.5444664112541,5.0126834
3.5569125112541,4.9588232
3.5711318112541,4.9391465
3.5839838112541,4.9221292
3.5958093112541,4.871212
3.6067451112541,4.8395767
3.6183854112541,4.7985835
3.6339775112541,4.7599821
3.6451403112541,4.7373323
3.6593894112541,4.6472845
3.6702059112541,4.5955853
3.6824731112541,4.5038981
3.6945492112541,4.4723005
3.7065536112541,4.4078603
3.7214593112541,4.3702497
3.7321445112541,4.2968841
3.7472829112541,4.2441711
3.7569233112541,4.1559415
3.7696921112541,4.1209979
3.7823054112541,4.0855331
3.7941128112541,4.0440483
3.8085529112541,4.0084867
3.8207363112541,3.9588065
3.8318156112541,3.9529428
3.8454078112541,3.9196312
3.8575557112541,3.8738623
3.8700737112541,3.832288
3.8830627112541,3.7972405
3.8955868112541,3.7742779
3.9064630112541,3.7585945
3.9211715112541,3.6164746
3.9304122112541,3.6154315
3.9454492112541,3.5806968
3.9555911112541,3.5446584
3.9693445112541,3.5144165
3.9821428112541,3.4982114
3.9947323112541,3.4381299
4.0061458112541,3.4088717
4.0204962112541,3.3886061
4.0337008112541,3.3327043
4.0455741112541,3.3034384
4.0579604112541,3.2860861
4.0688246112541,3.2640026
4.0829304112541,3.246151
4.0955137112541,3.2231734
4.1070288112541,3.1924322
4.1204003112541,3.1592698
4.1312946112541,3.1156392
4.1445106112541,3.0977056
4.1571301112541,3.0833631
4.1707166112541,3.0407758
4.1830014112541,3.0114427
4.1973995112541,3.0123889
4.2074822112541,2.9758215
4.2199162112541,2.9573441
4.2324999112541,2.9361322
4.2465814112541,2.9242933
4.2601441112541,2.8806105
4.2703456112541,2.8421283
4.2807802112541,2.8363168
4.2937459112541,2.7627275
4.3064250112541,2.7555971
4.3213304112541,2.7231276
4.3328751112541,2.7123168
4.3451961112541,2.6839004
4.3577856112541,2.6729555
4.3700527112541,2.6731863
4.3829168112541,2.6427956
4.3946527112541,2.6288404
4.4069914112541,2.5909617
4.4193720112541,2.5819466
4.4323853112541,2.5484414
4.4442404112541,2.5174022
4.4577430112541,2.5163591
4.4690136112541,2.4757533
4.4824146112541,2.4426653
4.4959177112541,2.4097338
4.5066503112541,2.3913085
4.5187982112541,2.4013519
4.5330352112541,2.3998842
4.5436491112541,2.3848414
4.5582679112541,2.3752451
4.5692576112541,2.3595169
4.5809873112541,2.3684053
4.5939292112541,2.3334174
4.6078914112541,2.3212507
4.6210002112541,2.3124442
4.6315602112541,2.3042932
4.6445736112541,2.2927895
4.6577181112541,2.2833347
4.6694721112541,2.2758319
4.6834286112541,2.2450089
4.6952122112541,2.2187085
4.7082909112541,2.188988
4.7201523112541,2.1596253
4.7306641112541,2.150707
4.7445911112541,2.1255314
4.7585057112541,2.1290481
4.7702950112541,2.094753
4.7827772112541,2.0631924
4.7960294112541,2.0667241
4.8093589112541,2.0294561
4.8211244112541,2.0330772
4.8306936112541,2.0187497
4.8438619112541,1.9859225
4.8561052112541,1.9894689
4.8711842112541,1.9451976
4.8803409112541,1.8526986
4.8957242112541,1.8738136
4.9067916112541,1.7828867
4.9184974112541,1.7423034
4.9328121112541,1.7459095
4.9463447112541,1.7579272
4.9567135112541,1.7282889
4.9692911112541,1.7248094
4.9839462112541,1.7099231
4.9967383112541,1.6821251
5.0075968112541,1.6781316
5.0202817112541,1.6492531
5.0326384112541,1.6544163
5.0456160112541,1.609534
5.0569876112541,1.621686
5.0705622112541,1.60034
5.0830978112541,1.5865266
5.0963081112541,1.5775189
5.1069215112541,1.5705079
5.1215290112541,1.5700088
5.1341900112541,1.5530512
5.1453408112541,1.5381203
5.1591419112541,1.5380234
5.1703943112541,1.5149043
5.1823510112541,1.5227944
5.1962479112541,1.5215502
5.2076315112541,1.5022308
5.2194508112541,1.4822334
5.2321237112541,1.4703572
5.2438000112541,1.4853477
5.2572373112541,1.4487505
5.2701310112541,1.4507248
5.2846187112541,1.4426261
5.2958773112541,1.4202893
5.3073505112541,1.4237537
5.3197011112541,1.4149398
5.3318785112541,1.4061854
5.3434175112541,1.4103577
5.3555053112541,1.3900473
5.3683518112541,1.3642087
5.3821648112541,1.3831705
5.3955063112541,1.3381541
5.4077080112541,1.3414174
5.4198855112541,1.328826
5.4331139112541,1.361683
5.4450287112541,1.3285577
5.4571942112541,1.3030097
5.4717058112541,1.3123379
5.4823731112541,1.2915432
5.4951538112541,1.2916028
5.5074686112541,1.2764559
5.5206789112541,1.2864769
5.5322355112541,1.2769327
5.5444668112541,1.2744069
5.5576652112541,1.2545512
5.5697173112541,1.2270212
5.5828146112541,1.2350231
5.5978869112541,1.1941791
5.6079873112541,1.1975541
5.6198543112541,1.1977329
5.6319965112541,1.1846795
5.6451172112541,1.18424
5.6585420112541,1.1682659
5.6696929112541,1.1713952
5.6830405112541,1.1504366
5.6950210112541,1.1490136
5.7066797112541,1.1449084
5.7195615112541,1.137808
5.7314943112541,1.1202023
5.7458628112541,1.1342913
5.7555150112541,1.1455789
5.7683853112541,1.1201203
5.7811359112541,1.1285096
5.7927583112541,1.0992362
5.8054017112541,1.1209772
5.8206471112541,1.1174828
5.8290285112541,1.0836647
5.8442382112541,1.0733008
5.8569473112541,1.0384991
5.8702887112541,1.0284036
5.8833259112541,1.0116174
5.8946141112541,1.0047555
5.9041594112541,1.0000839
5.9191188112541,0.9746179
5.9315408112541,0.480555
5.9456047112541,-0.16898662
5.9575256112541,-0.17822534
5.9717268112541,-0.16751885
5.9825076112541,-0.16890466
5.9944404112541,-0.17244369
6.0060986112541,-0.1623705
