0,0
0.00424708386969334,0.139191295879421
0.00849416773938669,0.278382591758843
0.01274125160908,0.417573887638264
0.0169883354787734,0.556765183517685
0.0212354193484667,0.695956479397107
0.0254825032181601,0.835147775276528
0.0297295870878534,0.97433907115595
0.0344783423892473,1.0918603
0.0459574923892473,1.4500469
0.0605109123892473,1.9031837
0.0745389923892473,2.3556278
0.0865852623892473,2.6945324
0.0987628323892473,3.1949878
0.109352552389247,3.5766885
0.122085292389247,4.0018783
0.135725372389247,4.4171214
0.148649132389247,4.8525853
0.160056652389247,5.2515416
0.172461072389247,5.6789594
0.185205752389247,6.0571136
0.197001302389247,6.3985662
0.211268152389247,6.7926941
0.223917322389247,7.1914344
0.237438012389247,7.6113939
0.249675292389247,7.6963606
0.257936942389247,8.2550869
0.272556032389247,8.5725489
0.284082942389247,9.055294
0.298564692389247,9.4884634
0.311273562389247,9.8514109
0.323003432389247,10.19787
0.332638042389247,10.578773
0.345991602389247,10.89716
0.359930152389247,11.268862
0.372077902389247,11.642337
0.384810622389247,11.98373
0.396271872389247,12.287476
0.411284912389247,12.551106
0.423140162389247,13.061471
0.434971532389247,13.179883
0.448175812389247,13.528861
0.459786312389247,13.783097
0.471814652389247,14.008321
0.485556202389247,14.313169
0.497960652389247,14.566302
0.509159232389247,14.75332
0.522888862389247,15.072025
0.534970962389247,15.294291
0.548115572389247,15.536443
0.560943802389247,15.793413
0.573264682389247,15.97485
0.585442262389247,16.233206
0.595166402389247,16.360239
0.610997282389247,16.572199
0.624452312389247,16.7341
0.632278162389247,16.885981
0.647291202389247,17.027042
0.661784912389247,17.10853
0.673073072389247,17.220528
0.684886532389247,17.334923
0.696401502389247,17.457001
0.709301372389247,17.565861
0.723269782389247,17.487413
0.734504182389247,17.316298
0.747869692389247,17.280848
0.761354582389247,17.244719
0.772797902389247,17.231003
0.786545412389247,17.05142
0.797123212389247,16.765512
0.811772132389247,16.731657
0.823221462389247,16.621023
0.836121342389247,16.341894
0.847546782389247,16.315109
0.859503472389247,16.11261
0.872289912389247,16.087904
0.886318052389247,15.876308
0.898406052389247,15.664652
0.910326982389247,15.435405
0.922994042389247,15.208907
0.936049042389247,15.04457
0.947510342389247,14.86741
0.959556642389247,14.739781
0.972940042389247,14.534839
0.986359242389247,14.225975
0.997301142389247,14.085121
1.01317374238925,13.935871
1.02173394238925,13.881557
1.03466964238925,13.779104
1.04708594238925,13.607301
1.06080364238925,13.496854
1.07175154238925,13.347096
1.08469314238925,13.233572
1.09931824238925,13.104521
1.10911404238925,12.846075
1.11969774238925,12.714036
1.13440644238925,12.551032
1.14885234238925,12.450203
1.16169854238925,12.265116
1.17272994238925,12.192286
1.18417924238925,12.119949
1.19876254238925,11.9505
1.21220564238925,11.73558
1.22459214238925,11.577018
1.23525354238925,11.42691
1.24805784238925,11.287398
1.25822974238925,11.102348
1.27283684238925,10.960676
1.28534274238925,10.744564
1.29818884238925,10.539383
1.31145294238925,10.361173
1.31747004238925,10.106542
1.33634524238925,9.9018812
1.34731704238925,9.6614952
1.35985884238925,9.5129986
1.37265714238925,9.3978043
1.38619574238925,9.2313213
1.39864204238925,9.0544147
1.40965554238925,8.8925142
1.42253754238925,8.8220911
1.43470324238925,8.7392111
1.44800894238925,8.608736
1.46003734238925,8.5073261
1.47077624238925,8.4048061
1.48281054238925,8.2837124
1.49769824238925,8.1593094
1.51184574238925,8.056119
1.52285934238925,8.0405397
1.53567564238925,7.9460964
1.54674284238925,7.8782439
1.56074714238925,7.8463106
1.57197554238925,7.7563896
1.58528734238925,7.6425447
1.59828264238925,7.5395255
1.61002454238925,7.4730515
1.62207074238925,7.378787
1.63738224238925,7.2964802
1.64847344238925,7.2031245
1.66001234238925,7.0771947
1.67432684238925,7.077776
1.68618804238925,6.9865212
1.69790004238925,6.8975463
1.70713464238925,6.8066416
1.72309694238925,6.6579432
1.73449844238925,6.5927653
1.74765504238925,6.4855738
1.76396344238925,6.3554196
1.77307874238925,6.2278137
1.78492804238925,6.0977263
1.79891424238925,6.0337186
1.80995774238925,5.9254394
1.82242174238925,5.7688279
1.83308904238925,5.6906714
1.84839474238925,5.6165161
1.85867404238925,5.5558681
1.87363334238925,5.5140853
1.88762554238925,5.4565072
1.89704534238925,5.3694324
1.91078084238925,5.308084
1.92246304238925,5.2299275
1.93602544238925,5.151257
1.94685394238925,5.0321445
1.96106704238925,4.8996882
1.97151954238925,4.7743769
1.98666394238925,4.7097354
1.99796994238925,4.6301336
2.01008784238925,4.5394077
2.02437264238925,4.5010524
2.03525484238925,4.4314861
2.04740274238925,4.3717027
2.06290514238925,4.2901635
2.07314264238925,4.28582
2.08332044238925,4.1758194
2.09706814238925,4.1605158
2.11151394238925,4.116714
2.12290364238925,4.0593519
2.13542134238925,3.9435477
2.14780194238925,3.9197803
2.16294634238925,3.8335323
2.17262274238925,3.7864521
2.18385724238925,3.7353859
2.19857174238925,3.6742315
2.20746624238925,3.5904422
2.22366124238925,3.608711
2.23574904238925,3.5470202
2.24873864238925,3.5302191
2.25984774238925,3.487222
2.27130304238925,3.4197197
2.28614884238925,3.3837929
2.29731754238925,3.3585281
2.31182324238925,3.300324
2.32392314238925,3.3008158
2.33493074238925,3.2322631
2.34728754238925,3.1845717
2.35861144238925,3.169991
2.37331994238925,3.1347201
2.38571244238925,3.0748546
2.39847504238925,3.0094385
2.41227034238925,3.0459092
2.42208414238925,3.025651
2.43601064238925,2.9551535
2.44791374238925,2.9615312
2.46071804238925,2.9096677
2.47250164238925,2.8448999
2.48495374238925,2.8002486
2.49700004238925,2.7867482
2.50859264238925,2.7614088
2.52329524238925,2.7566626
2.53582514238925,2.6963651
2.54773414238925,2.6781707
2.56169044238925,2.6537478
2.57346204238925,2.6323199
2.58492334238925,2.5843754
2.59748304238925,2.5522411
2.60933834238925,2.5473907
2.62140834238925,2.5065989
2.63536484238925,2.4749188
2.64749464238925,2.4773405
2.66114674238925,2.4714022
2.67304384238925,2.4179964
2.68565114238925,2.4020896
2.69687944238925,2.3818836
2.71016154238925,2.3858249
2.72121674238925,2.3591146
2.73482114238925,2.31494
2.74719554238925,2.294071
2.76123584238925,2.2883563
2.77439814238925,2.2563934
2.78200924238925,2.2378266
2.79716544238925,2.2291393
2.81091314238925,2.1932051
2.82566934238925,2.1568685
2.83489214238925,2.1589622
2.84678924238925,2.1359549
2.85994564238925,2.1061525
2.87290534238925,2.0716043
2.88462314238925,2.0852759
2.89851414238925,2.0492897
2.91070354238925,2.0362213
2.92229614238925,2.0184293
2.93504084238925,2.0102785
2.94870484238925,1.9796417
2.96047054238925,1.9696131
2.97147804238925,1.961477
2.98393014238925,1.9504502
2.99691974238925,1.9507184
3.00858384238925,1.9130335
3.02429544238925,1.8715709
3.03773844238925,1.8515065
3.04678214238925,1.8522143
3.06039224238925,1.8590242
3.07318484238925,1.8036067
3.08622204238925,1.7832369
3.09780844238925,1.7907693
3.11033824238925,1.7742217
3.12177574238925,1.7585009
3.13623364238925,1.7471538
3.14518174238925,1.6971976
3.16160944238925,1.7110854
3.17308864238925,1.6915724
3.18690184238925,1.677528
3.19667964238925,1.6773939
3.20808134238925,1.6565472
3.22053944238925,1.6464665
3.23555834238925,1.6406105
3.24799854238925,1.6160905
3.26052244238925,1.6347542
3.27230004238925,1.611948
3.28254354238925,1.6022772
3.29533604238925,1.600191
3.31172804238925,1.5992075
3.32293854238925,1.5859008
3.33336124238925,1.5614927
3.34899504238925,1.5659258
3.35934604238925,1.5582442
3.37314114238925,1.5539751
3.38513974238925,1.542367
3.39765154238925,1.5229136
3.40899354238925,1.4898851
3.42327224238925,1.5181303
3.43334254238925,1.4936775
3.44709614238925,1.4833361
3.45911244238925,1.4792681
3.47337944238925,1.4643222
3.48471534238925,1.4609247
3.49741824238925,1.4402792
3.50966154238925,1.4517307
3.52358804238925,1.4333278
3.53431514238925,1.4271438
3.54714924238925,1.4097989
3.56224594238925,1.3920441
3.57333124238925,1.3841838
3.58589064238925,1.3794675
3.59682064238925,1.3642609
3.60977424238925,1.34556
3.62356364238925,1.3438091
3.63574724238925,1.3490319
3.64878424238925,1.3171583
3.65964874238925,1.3134553
3.67279324238925,1.3058259
3.68513214238925,1.2732372
3.69754254238925,1.2822002
3.71019154238925,1.2608618
3.72210654238925,1.2309775
3.73496464238925,1.2422576
3.74861054238925,1.2332499
3.75994074238925,1.2157335
3.77203444238925,1.2208447
3.78612244238925,1.2118742
3.79825814238925,1.209572
3.80605424238925,1.1576712
3.82242834238925,1.1647791
3.83701164238925,1.1623278
3.84946374238925,1.1653155
3.86089524238925,1.1517034
3.87049394238925,1.1242702
3.88713654238925,1.1015385
3.89594754238925,1.110062
3.91081724238925,1.0884255
3.92374094238925,1.1115223
3.93447984238925,1.0844395
3.94907534238925,1.0737628
3.95933634238925,1.057826
3.97144854238925,1.0663718
3.98446754238925,1.0477676
3.99848994238925,1.0363684
4.00882304238925,1.0313094
4.02380614238925,1.03385
4.03467044238925,1.0353923
4.04872854238925,1.0185987
4.06089414238925,0.99787116
4.07409244238925,0.98870695
4.08603104238925,0.96730143
4.09808354238925,0.94303489
4.10719884238925,0.9336248
4.12450984238925,0.95371902
4.13407904238925,0.92627853
4.14654884238925,0.92354417
4.15949634238925,0.91584772
4.17389494238925,0.91073662
4.18431724238925,0.9059459
4.19826804238925,0.89535117
4.20944274238925,0.89016557
4.22127974238925,0.8924678
4.23608974238925,0.87015331
4.24756294238925,0.87490678
4.25957354238925,0.86417049
4.27173904238925,0.85225701
4.28685384238925,0.86269528
4.29818354238925,0.83997846
4.30815844238925,0.78937411
4.32265814238925,0.81573427
4.33533154238925,0.80618262
4.34855374238925,0.79774857
4.36103544238925,0.79701841
4.37343984238925,0.78698993
4.38570124238925,0.7795319
4.39758024238925,0.77982992
4.40951304238925,0.77284873
4.42265754238925,0.75632334
4.43543824238925,0.75540692
4.44279254238925,0.68098307
4.46022904238925,0.73558837
4.47244844238925,0.72992593
4.48524674238925,0.72786212
4.49800924238925,0.72774291
4.50912434238925,0.69323182
4.52215584238925,0.71740896
4.53568224238925,0.70822984
4.54707204238925,0.69910288
4.55992994238925,0.67986548
4.57329564238925,0.70169568
4.58627284238925,0.65759569
4.59789524238925,0.67351758
4.61062204238925,0.6717518
4.62352184238925,0.65886229
4.63565214238925,0.64815581
4.64845044238925,0.65314025
4.65871774238925,0.64765662
4.67319354238925,0.63531101
4.68592034238925,0.64177811
4.70042574238925,0.64094365
4.71200044238925,0.6056428
4.72273934238925,0.62705576
4.73497684238925,0.61148405
4.74868254238925,0.60042739
4.76187474238925,0.6063655
4.77152734238925,0.62326342
4.78688674238925,0.61229616
4.79812104238925,0.59121847
4.80786904238925,0.59434772
4.82287034238925,0.61279535
4.83514934238925,0.57647377
4.84613904238925,0.57048351
4.86100304238925,0.56828558
4.87181954238925,0.57639182
4.88518484238925,0.55861473
4.89716534238925,0.54770708
4.91091884238925,0.55913627
4.92215354238925,0.54941326
