0,0
0.020918743014428,0.673172609902297
0.041837486028856,1.3463452198046
0.0627562290432839,2.01951782970689
0.0836749720577118,2.69269043960919
0.10459371507214,3.36586304951149
0.125512458086568,4.03903565941378
0.146431201100996,4.71220826931608
0.167353312120418,5.4547415
0.179339872120418,5.8685317
0.191547282120418,6.2943921
0.203247322120418,6.6632032
0.215657692120418,7.0981011
0.227751712120418,7.4799733
0.241266472120418,7.8891068
0.252417312120418,8.290432
0.265669392120418,8.6979122
0.278999012120418,9.0584536
0.290299102120418,9.4544964
0.304780882120418,9.9180641
0.316170492120418,10.303237
0.327942172120418,10.682225
0.341009182120418,11.094384
0.355079092120418,11.367485
0.368414742120418,11.764296
0.378568692120418,12.036898
0.391599872120418,12.319461
0.402255282120418,12.598425
0.416796722120418,12.844287
0.429804072120418,13.073422
0.440716132120418,13.43824
0.453765252120418,13.79215
0.465536872120418,13.89131
0.478162152120418,14.408752
0.491151612120418,14.71591
0.506522812120418,14.820517
0.515841052120418,15.337035
0.525457782120418,15.49223
0.540345472120418,15.743099
0.553824352120418,15.946768
0.564330502120418,16.115286
0.578955512120418,16.344629
0.593467162120418,16.549572
0.605352202120418,16.834356
0.616282202120418,17.010338
0.625767572120418,17.13872
0.640362782120418,17.45639
0.655166902120418,17.686293
0.666741592120418,17.854929
0.678883352120418,18.006437
0.692033932120418,18.205896
0.703757802120418,18.199167
0.717421812120418,18.310265
0.732058742120418,18.201679
0.740708422120418,18.461504
0.753650022120418,18.560469
0.765660522120418,18.544397
0.778297722120418,18.645807
0.791579722120418,18.770613
0.804634822120418,18.814064
0.817570422120418,18.764124
0.828864522120418,18.627108
0.841853922120418,18.513128
0.854025622120418,18.400564
0.866209122120418,18.400795
0.878052422120418,18.442623
0.890922522120418,18.491074
0.904926622120418,18.187136
0.918328022120418,18.207066
0.927801422120418,18.354795
0.940283522120418,18.218405
0.953195322120418,17.692871
0.966811522120418,17.534002
0.977938422120418,17.437555
0.989996622120418,17.42424
1.00345172212042,17.386057
1.01720522212042,17.332592
1.02861272212042,17.204918
1.04114842212042,17.088764
1.05375582212042,16.729198
1.06696022212042,16.56802
1.07849902212042,16.330458
1.09315392212042,16.030416
1.10191702212042,16.045227
1.11401102212042,15.787318
1.12968062212042,15.564688
1.14076592212042,15.246421
1.15431642212042,14.98834
1.16593882212042,14.679954
1.17885662212042,12.883946
1.19281902212042,12.089692
1.20417882212042,11.752687
1.21429092212042,11.423879
1.22933982212042,11.307605
1.24265752212042,11.141173
1.25490082212042,10.984882
1.26573522212042,10.777585
1.28123782212042,10.429912
1.29272892212042,10.386512
1.30585562212042,10.121256
1.31540662212042,9.9912062
1.32914232212042,9.8309298
1.34313452212042,9.7540541
1.35198122212042,9.6010714
1.36719132212042,9.4579086
1.37498722212042,9.2359562
1.39176722212042,9.1395302
1.40369412212042,9.0503912
1.41771622212042,8.8685083
1.42812092212042,8.7634325
1.44155212212042,8.5989389
1.45301932212042,8.4704905
1.46824732212042,8.3321705
1.47825802212042,8.2172375
1.49140262212042,8.1660671
1.50495912212042,8.0861893
1.51775152212042,7.8797417
1.53031702212042,7.7831597
1.54057252212042,7.6768322
1.55411702212042,7.6031685
1.56628272212042,7.473752
1.57955872212042,7.3559508
1.59168852212042,7.2588625
1.60261852212042,7.1290731
1.61732712212042,7.0832596
1.62906892212042,6.9712996
1.64116892212042,6.8745837
1.65117362212042,6.801158
1.66836542212042,6.7206845
1.67814332212042,6.635994
1.69153872212042,6.6047831
1.70421182212042,6.5232291
1.71558342212042,6.4518375
1.72705672212042,6.4248815
1.74126992212042,6.385982
1.75207432212042,6.2981768
1.76653232212042,6.2375965
1.77780252212042,6.1507897
1.79185452212042,6.1445236
1.80554832212042,6.0878024
1.81557692212042,6.0586557
1.82826192212042,6.0267525
1.83972322212042,5.9815421
1.85311252212042,5.9585943
1.86535582212042,5.903892
1.87609472212042,5.8393402
1.89129892212042,5.772233
1.90212142212042,5.7255774
1.91423332212042,5.7117195
1.92937172212042,5.6447387
1.94408622212042,5.5803061
1.95425212212042,5.6039691
1.96414342212042,5.5538936
1.97931152212042,5.5341496
1.98965062212042,5.4835005
2.00094472212042,5.3971858
2.01422082212042,5.4012165
2.03018892212042,5.2856131
2.03879672212042,5.1895828
2.05532012212042,5.1391349
2.06459652212042,5.0829425
2.07738292212042,5.0645843
2.09272442212042,5.0317497
2.10352912212042,4.9688296
2.11602892212042,4.9191937
2.12496502212042,4.8338771
2.14161982212042,4.8513412
2.15251382212042,4.8153028
2.16798052212042,4.766345
2.17980012212042,4.7281609
2.19113602212042,4.7051759
2.20467462212042,4.6399012
2.21660152212042,4.6112018
2.22889242212042,4.5688672
2.24193562212042,4.5173988
2.25354612212042,4.4702663
2.26683392212042,4.4306369
2.27932202212042,4.3776112
2.29115332212042,4.3436737
2.30286512212042,4.3112936
2.31420722212042,4.2454152
2.32834852212042,4.2517481
2.34359442212042,4.2009277
2.35533632212042,4.1568279
2.36605132212042,4.0976481
2.37832432212042,4.0633307
2.39078862212042,4.0047393
2.40340792212042,3.9569662
2.41606292212042,3.9014964
2.42873612212042,3.8411319
2.44052562212042,3.8176849
2.44959312212042,3.744997
2.46803862212042,3.7606657
2.47764332212042,3.6945269
2.49023872212042,3.6313086
2.50527582212042,3.6017597
2.51614012212042,3.5528169
2.52913532212042,3.4968109
2.53927742212042,3.4653096
2.55226692212042,3.4098177
2.56496962212042,3.3907964
2.57802472212042,3.3576636
2.58968912212042,3.3156872
2.60479772212042,3.2860188
2.61485012212042,3.2431483
2.62878262212042,3.2303035
2.64130652212042,3.180757
2.65272012212042,3.1349211
2.66559582212042,3.087297
2.67780932212042,3.0867383
2.69235072212042,3.0425935
2.70505362212042,3.0000806
2.71627032212042,2.9913411
2.72454392212042,2.9174387
2.74235042212042,2.8933883
2.75488032212042,2.8581767
2.76690872212042,2.8035567
2.77874602212042,2.8015227
2.79158032212042,2.7617738
2.80380542212042,2.7581601
2.81578022212042,2.7054548
2.82840552212042,2.684556
2.84032642212042,2.6759729
2.85396042212042,2.6417003
2.86599482212042,2.6352406
2.87956912212042,2.6227758
2.89039762212042,2.5888085
2.90335112212042,2.5519059
2.91635862212042,2.5167763
2.92780792212042,2.4918392
2.94152552212042,2.4901481
2.95249142212042,2.4215579
2.96693742212042,2.4166703
2.97736582212042,2.3987889
2.99061212212042,2.3677423
3.00443702212042,2.3489819
3.01728332212042,2.334796
3.02994452212042,2.337642
3.04021182212042,2.3248494
3.05600082212042,2.296649
3.06628022212042,2.2954941
3.07827862212042,2.2535696
3.09123212212042,2.2596345
3.10452612212042,2.2531524
3.11422052212042,2.2122412
3.12827832212042,2.214633
3.14189472212042,2.1874309
3.15425122212042,2.1778271
3.16565882212042,2.1364689
3.17807522212042,2.119802
3.19080792212042,2.0916462
3.20303922212042,2.078846
3.21669712212042,2.0357966
3.22778832212042,2.0118282
3.24256862212042,2.0140483
3.25538482212042,1.9747019
3.26597462212042,1.9549356
3.27735222212042,1.9358025
3.29194152212042,1.9337311
3.30334912212042,1.8920451
3.31603992212042,1.8772334
3.32827122212042,1.8937514
3.33883102212042,1.8672496
3.35394562212042,1.8367841
3.36555612212042,1.806885
3.37946492212042,1.8183887
3.39112312212042,1.8100514
3.40381992212042,1.8023103
3.41786012212042,1.7623081
3.42837222212042,1.7503426
3.44084222212042,1.7621517
3.45332422212042,1.7673597
3.46747762212042,1.7335341
3.47933902212042,1.7306283
3.49145092212042,1.6849339
3.50219572212042,1.6908944
3.51790722212042,1.6741753
3.52690302212042,1.6413033
3.54196392212042,1.6293973
3.55532342212042,1.6208589
3.56553712212042,1.6019716
3.58077102212042,1.5593022
3.59242332212042,1.5733987
3.60400402212042,1.5377924
3.61630692212042,1.5250891
3.62926042212042,1.5439763
3.64162912212042,1.5318841
3.65250522212042,1.4929249
3.66440232212042,1.4883802
3.67984522212042,1.4664457
3.69044072212042,1.4609545
3.70292292212042,1.4237761
3.71447362212042,1.4135466
3.72881802212042,1.3902559
3.73977792212042,1.3847053
3.75264822212042,1.3779626
3.76625242212042,1.3536066
3.77700932212042,1.3664887
3.79379492212042,1.3655424
3.80397302212042,1.3559163
3.81732072212042,1.3440102
3.82502112212042,1.3260021
3.84088172212042,1.3609529
3.84895212212042,1.2951419
3.86581602212042,1.3440027
3.87928902212042,1.3105347
3.89112602212042,1.275301
3.89885082212042,1.2310221
3.91832292212042,1.2266636
3.92722302212042,1.2412891
3.94300642212042,1.2321696
3.95370942212042,1.2228117
3.96653782212042,1.1970177
3.97797522212042,1.1857524
3.98874362212042,1.1655241
4.00461042212042,1.1583791
4.01649552212042,1.1416078
4.02904922212042,1.1242479
4.04067172212042,1.1069626
4.05380422212042,1.1235251
4.06736072212042,1.0924711
4.07995642212042,1.1110306
4.09118492212042,1.0967329
4.10557682212042,1.0700152
4.11736662212042,1.0719895
4.12809982212042,1.046978
4.14081412212042,1.0348632
4.15508112212042,1.0376348
4.16651852212042,1.0373294
4.17989622212042,1.0242388
4.18925602212042,1.0157599
4.20432892212042,0.98231435
4.21605862212042,0.970155
4.22802152212042,0.9637326
4.24164372212042,0.96299499
4.25380312212042,0.93252212
4.26491822212042,0.9316653
4.27931052212042,0.92801452
4.29053292212042,0.91850758
4.30468022212042,0.89363009
4.31546102212042,0.87429583
4.32873142212042,0.87142736
4.34236512212042,0.83758682
4.35451872212042,0.84602088
4.36640392212042,0.82664937
4.37898762212042,0.83017349
4.39135632212042,0.81364065
4.40465012212042,0.81208348
4.41647562212042,0.7833913
4.42676672212042,0.77014416
4.44023352212042,0.76636672
4.45433932212042,0.76256692
4.46475012212042,0.74259192
4.47794852212042,0.72809309
4.49116452212042,0.740394
4.50427332212042,0.73181093
4.51618232212042,0.69704652
4.52849712212042,0.68803132
4.54280602212042,0.68853796
4.55632052212042,0.68791956
4.56885042212042,0.67750365
4.57731522212042,0.66584349
4.59164752212042,0.67148358
4.60284602212042,0.64795464
4.61654602212042,0.64297765
4.62856852212042,0.65446645
4.64294272212042,0.65530837
4.65332922212042,0.65495819
4.66553672212042,0.64644217
4.67887812212042,0.61623007
4.69056642212042,0.61142445
4.70254692212042,0.60942024
4.71192492212042,0.57702512
4.72822132212042,0.6147176
