0,0
0.0357950845358179,1.60216692784439
0.0715901690716358,3.20433385568879
0.107385253607454,4.80650078353318
0.143180338143272,6.40866771137757
0.17897542267909,8.01083463922196
0.214770507214908,9.61300156706636
0.250565591750725,11.2151684949108
0.281954168838141,12.501181
0.295647978838141,13.101831
0.307389798838141,13.635203
0.319913628838141,14.250212
0.332574728838141,14.812358
0.345265688838141,15.401244
0.357395468838141,15.984676
0.371435518838141,16.521603
0.382508758838141,17.09041
0.394990798838141,17.629974
0.408684608838141,18.18107
0.420098068838141,18.738152
0.433803858838141,19.315369
0.444781538838141,19.835249
0.458821598838141,20.390444
0.469900788838141,20.925037
0.483081278838141,21.42594
0.494369388838141,21.926306
0.505723178838141,22.436701
0.520091538838141,22.876598
0.531457308838141,23.301571
0.545019748838141,23.75614
0.557477888838141,24.210402
0.572001458838141,24.522015
0.582758308838141,24.836025
0.596547658838141,25.151304
0.608958068838141,25.315731
0.619279148838141,25.621637
0.633086378838141,25.879175
0.644965468838141,26.173071
0.655758138838141,26.345648
0.670478698838141,26.618376
0.682889108838141,26.692606
0.694839838838141,26.845247
0.708670918838141,26.896528
0.719374058838141,27.058407
0.731491978838141,27.185768
0.746415498838141,27.22752
0.757202208838141,27.271696
0.770108048838141,27.199074
0.783378008838141,27.047911
0.794743778838141,26.847511
0.809422488838141,26.406691
0.820071938838141,25.982349
0.833431418838141,25.710224
0.844570328838141,25.402039
0.858950628838141,24.982094
0.870429828838141,24.000607
0.883634128838141,23.357094
0.894975928838141,22.817917
0.908066928838141,22.408716
0.920065328838141,21.847525
0.933371228838141,21.275879
0.944038428838141,20.712032
0.957165228838141,19.665041
0.968942828838141,18.707157
0.984105128838141,18.004328
0.994873928838141,17.405361
1.00645452883814,16.914316
1.01900222883814,16.363316
1.03109632883814,15.726111
1.04430652883814,15.300125
1.05699152883814,14.888943
1.07009442883814,14.452882
1.08359712883814,14.001213
1.09443162883814,13.554729
1.10730762883814,13.107218
1.12033292883814,12.814217
1.13157922883814,12.591928
1.14585802883814,12.395099
1.15656712883814,12.15446
1.17068472883814,11.932947
1.18196692883814,11.746608
1.19402512883814,11.387952
1.20863822883814,11.198759
1.21845192883814,10.895721
1.23218752883814,10.611467
1.24497992883814,10.335557
1.25831562883814,10.207944
1.26894112883814,10.071218
1.28173952883814,9.8411961
1.29409022883814,9.6759796
1.30786162883814,9.5261335
1.32001532883814,9.3919706
1.33281972883814,9.2505369
1.34554642883814,9.1409016
1.35707932883814,8.9448318
1.36963902883814,8.7803078
1.38309402883814,8.6333675
1.39437622883814,8.4091349
1.40607622883814,8.1814308
1.42095202883814,8.0092173
1.43136252883814,7.847652
1.44654282883814,7.7551231
1.45866062883814,7.6004562
1.47005622883814,7.4764414
1.48379192883814,7.3242707
1.49530692883814,7.1954579
1.50774112883814,7.0241241
1.52110062883814,6.9043264
1.53279462883814,6.7451077
1.54330082883814,6.6128969
1.55482182883814,6.4609275
1.56874842883814,6.3547792
1.58407182883814,6.2660875
1.59616582883814,6.170392
1.61039092883814,6.0382185
1.61876602883814,5.8725996
1.63186892883814,5.7506266
1.64482242883814,5.6567864
1.65720302883814,5.5735335
1.66987002883814,5.5349245
1.68365342883814,5.4571109
1.69423122883814,5.4008884
1.70882632883814,5.2807927
1.71944002883814,5.2111669
1.73248312883814,5.128108
1.74683962883814,5.0437822
1.75813372883814,4.9336925
1.76924862883814,4.851006
1.78305592883814,4.6878829
1.79429032883814,4.6511812
1.80806172883814,4.5038686
1.81515942883814,4.3946505
1.83343762883814,4.3421464
1.84533472883814,4.19873
1.85826442883814,4.1079669
1.86942712883814,4.0410309
1.88355682883814,3.9260314
1.89531062883814,3.8804934
1.90976252883814,3.8282275
1.92222662883814,3.791213
1.93211192883814,3.7534833
1.94593712883814,3.7001519
1.95575062883814,3.6413894
1.97033402883814,3.561482
1.98199812883814,3.5144091
1.99449822883814,3.4401789
2.00809642883814,3.3920555
2.01989782883814,3.3343956
2.03268452883814,3.2859592
2.04567972883814,3.192909
2.05841842883814,3.1606033
2.06939022883814,3.1296537
2.08356162883814,3.0637608
2.09575122883814,2.9812455
2.11045972883814,2.8941779
2.11993902883814,2.9420629
2.13259432883814,2.8989763
2.14453312883814,2.8427765
2.15876402883814,2.7993321
2.17036262883814,2.7559772
2.18179412883814,2.7000308
2.19376872883814,2.6661456
2.20666852883814,2.6294589
2.22244562883814,2.571553
2.23154892883814,2.4806709
2.24526092883814,2.4276748
2.25593422883814,2.3834257
2.27147242883814,2.2746994
2.28495732883814,2.1954403
2.29378602883814,2.1424816
2.30833352883814,2.0413623
2.31809352883814,2.0152256
2.33254542883814,1.9745529
2.34508102883814,1.9499958
2.35711542883814,1.9094124
2.36992562883814,1.8668697
2.38323162883814,1.8449426
2.39545692883814,1.8136427
2.40771212883814,1.77408
2.42129842883814,1.7269552
2.43303432883814,1.6748831
2.44364782883814,1.6852468
2.45791472883814,1.6306937
2.46944162883814,1.5921444
2.48357122883814,1.5561209
2.49555772883814,1.5360043
2.50740712883814,1.478888
2.52239622883814,1.501225
2.52893872883814,1.4483705
2.54604092883814,1.4491528
2.55780662883814,1.421541
2.56927392883814,1.3775899
2.58452572883814,1.3613999
2.59405292883814,1.3266951
2.60769912883814,1.3104081
2.61726802883814,1.2960434
2.63143342883814,1.2583659
2.64321102883814,1.2255609
2.66048042883814,1.2199357
2.67041362883814,1.2244433
2.68239422883814,1.2033656
2.69235702883814,1.1644065
2.70781172883814,1.160115
2.72215622883814,1.1458397
2.73234002883814,1.1094064
2.74310892883814,1.0389537
2.75672522883814,1.0648668
2.77098002883814,1.0304153
2.78430382883814,1.0233223
2.79448172883814,1.0223389
2.81001992883814,0.99256635
2.82203052883814,0.99433959
2.83266772883814,0.98100305
2.84339492883814,0.95151365
2.85703512883814,0.95600635
2.87021532883814,0.93816221
2.88393302883814,0.88748336
2.89624212883814,0.87381154
2.90837182883814,0.86738914
2.92479962883814,0.84371865
2.93289412883814,0.84082782
2.94331062883814,0.80579519
2.95572112883814,0.83422661
2.96977922883814,0.82047284
2.98192682883814,0.8264482
2.99321502883814,0.79078972
3.00597162883814,0.77229738
3.02240532883814,0.79756975
3.03234432883814,0.79248846
3.04710072883814,0.76579303
3.05742782883814,0.76734275
3.07087672883814,0.73841959
3.08546612883814,0.75241923
3.09176982883814,0.74463338
3.10987492883814,0.72945654
3.12236902883814,0.70241839
3.13219472883814,0.70628524
3.14440192883814,0.71444362
3.15703932883814,0.69436431
3.17432662883814,0.6588921
3.18577592883814,0.67745149
3.19480772883814,0.66740811
3.20782082883814,0.64830482
3.22233262883814,0.61463565
3.23428342883814,0.62480569
3.24532072883814,0.61708689
3.26018442883814,0.66277385
3.26706732883814,0.60643256
3.28726162883814,0.62679499
3.29684272883814,0.60372055
3.30851882883814,0.5678013
3.32236782883814,0.57575852
3.33248582883814,0.58922172
3.34593502883814,0.57777762
3.36110922883814,0.59615821
3.36867252883814,0.56307018
3.38486732883814,0.520356
3.39625712883814,0.50052255
3.40745562883814,0.5222857
3.42075552883814,0.5216375
3.43629972883814,0.50891936
3.44460932883814,0.51909685
3.45337842883814,0.50591677
3.47216412883814,0.50026923
3.47908852883814,0.49597025
3.49802342883814,0.47057867
3.50960412883814,0.46864152
3.51978202883814,0.44536591
3.53487842883814,0.43994933
3.54719342883814,0.44928491
3.55293602883814,0.42688847
3.56934592883814,0.43337047
3.58408422883814,0.43762475
3.59004182883814,0.42187423
3.60959762883814,0.41620433
3.61883822883814,0.41491538
3.63006652883814,0.38450956
3.64591542883814,0.39541721
3.65885112883814,0.35610795
3.66200302883814,0.37879497
3.68176762883814,0.34667552
3.69365282883814,0.34672022
3.70936412883814,0.34788996
3.71572752883814,0.35461038
3.73564142883814,0.32352656
3.74583712883814,0.34166127
3.75871912883814,0.33207238
3.77155942883814,0.31629205
3.77883622883814,0.29755384
3.79008242883814,0.30136108
3.80464192883814,0.3112331
3.81392422883814,0.29277802
3.82834022883814,0.2983436
3.84478012883814,0.30762702
3.85786502883814,0.28835982
3.87242432883814,0.2726838
3.88417832883814,0.27645379
3.89753172883814,0.272654
3.91025222883814,0.28195232
3.92205402883814,0.28208643
3.93021412883814,0.26226044
3.94712562883814,0.25306642
3.96034162883814,0.24609268
3.96726622883814,0.24916232
3.98588482883814,0.21804124
3.99736992883814,0.2386719
4.00587622883814,0.2411902
4.02269812883814,0.23818761
4.03338922883814,0.20807236
4.04464162883814,0.19916147
4.05471822883814,0.1976341
4.06964132883814,0.2213791
4.08158032883814,0.21787733
4.09189532883814,0.18842518
4.10722462883814,0.20474195
4.11914552883814,0.17251074
4.13540042883814,0.17914176
4.14098752883814,0.19865483
4.15454402883814,0.19015372
4.16968892883814,0.14906377
4.17681612883814,0.17713755
4.19820472883814,0.1745522
4.20966592883814,0.17989427
4.21921702883814,0.18548965
4.23306002883814,0.18324703
4.24322572883814,0.17616898
4.26109812883814,0.16944855
4.27349682883814,0.14925003
4.28279082883814,0.16406924
4.29080792883814,0.1584515
4.30470482883814,0.13989955
4.32288762883814,0.14725327
4.33180592883814,0.16177446
4.34869302883814,0.13454258
4.35930652883814,0.13976544
4.37374082883814,0.13069063
4.37865372883814,0.12251735
4.39695562883814,0.13592094
4.40508002883814,0.14405698
4.42416442883814,0.12112409
4.43103522883814,0.107795
4.44720002883814,0.11820346
4.45903752883814,0.11498481
4.46686332883814,0.12283772
4.48067682883814,0.10563433
4.49494332883814,0.1046434
4.51028512883814,0.084489584
4.51475592883814,0.080130994
4.53378642883814,0.11511147
4.54921122883814,0.08302182
4.56022472883814,0.091865659
4.56894032883814,0.095196068
4.58285492883814,0.077284873
4.59783192883814,0.098839402
4.61093492883814,0.077173114
4.61968632883814,0.082999468
4.63315312883814,0.086523592
4.64779582883814,0.078067183
4.66057652883814,0.073932111
4.67020532883814,0.090613961
4.68293782883814,0.059120357
4.69732392883814,0.063024461
4.70525142883814,0.086098909
4.72380412883814,0.070080161
4.73448962883814,0.069849193
4.74518082883814,0.064328313
4.75807492883814,0.047817826
4.77343382883814,0.042833388
4.78441782883814,0.024139881
4.79195092883814,0.052809715
4.80497612883814,0.037707388
4.82351132883814,0.033959746
4.83231612883814,0.047981739
