0,0
0.0174024267885578,0.879880642344104
0.0348048535771157,1.75976128468821
0.0522072803656735,2.63964192703231
0.0696097071542314,3.51952256937642
0.0870121339427892,4.39940321172052
0.104414560731347,5.27928385406463
0.121816987519905,6.15916449640873
0.143795622826323,7.2301626
0.157835662826323,7.8443961
0.170317672826323,8.4564161
0.180817852826323,9.0641603
0.194153502826323,9.686492
0.206838482826323,10.332443
0.218920542826323,11.017702
0.232214402826323,11.592917
0.243430922826323,12.221001
0.257542592826323,12.9219
0.270048482826323,13.545222
0.281879822826323,14.165349
0.293818632826323,14.81834
0.305453012826323,15.284196
0.320048192826323,16.068682
0.333127152826323,16.724653
0.345895722826323,17.374949
0.357918092826323,17.911985
0.369606182826323,18.466011
0.381622592826323,19.062563
0.394456782826323,19.513443
0.408204332826323,20.20628
0.418758222826323,20.689444
0.432046122826323,21.234446
0.441036052826323,21.689661
0.457965292826323,22.251345
0.468077462826323,22.743464
0.480356492826323,23.198553
0.495232262826323,23.619875
0.508418662826323,23.464813
0.520458922826323,24.161116
0.531657562826323,24.353712
0.543279982826323,24.689011
0.557015582826323,25.199554
0.567366522826323,25.516302
0.581818442826323,25.832266
0.593757252826323,26.159271
0.606298962826323,26.440464
0.620446422826323,26.685774
0.631227172826323,26.929737
0.645368672826323,27.104654
0.657080632826323,27.348562
0.669855162826323,27.525417
0.681405942826323,27.625284
0.693517902826323,27.787693
0.706805742826323,27.888805
0.720702572826323,27.848698
0.732939822826323,27.771086
0.743451932826323,27.712627
0.756142892826323,27.505659
0.768398082826323,27.387737
0.781196452826323,27.221992
0.793541172826323,26.901804
0.807026072826323,26.449375
0.818338072826323,26.06859
0.830760402826323,25.623634
0.843337932826323,24.613247
0.855975192826323,23.931093
0.870510682826323,22.928043
0.879972142826323,21.904043
0.895140452826323,21.495119
0.906780762826323,20.98447
0.918480792826323,20.349636
0.931804522826323,18.434801
0.943623882826323,17.49917
0.957747522826323,16.730762
0.969853422826323,16.203598
0.983642722826323,15.736162
0.995927822826323,15.272305
1.00879782282632,14.0182
1.02012782282632,13.392359
1.03237092282632,13.002597
1.04365912282632,12.593977
1.05508462282632,12.216494
1.06841422282632,11.991002
1.08210212282632,11.574104
1.09492432282632,11.043966
1.10640942282632,10.697521
1.11975112282632,10.501385
1.13155262282632,10.144323
1.14423162282632,9.9714098
1.15709572282632,9.8083763
1.16849722282632,9.5547142
1.18297302282632,9.3025341
1.19334192282632,9.0525074
1.20534042282632,8.8020487
1.22018032282632,8.6570082
1.23254902282632,8.4698277
1.24510252282632,8.3220453
1.25853372282632,8.1463385
1.26975622282632,7.8883843
1.28131892282632,7.7090116
1.29507252282632,7.5403972
1.30760222282632,7.3860736
1.31845462282632,7.1873589
1.33139622282632,7.0290861
1.34530502282632,6.8796725
1.35770942282632,6.7776146
1.36909902282632,6.5776854
1.38208252282632,6.4130425
1.39522712282632,6.2319636
1.40557212282632,6.090127
1.41808992282632,6.0033126
1.43247022282632,5.8510752
1.44387772282632,5.7486591
1.45557182282632,5.5842028
1.46871042282632,5.4228382
1.48003442282632,5.2051096
1.49753672282632,5.2154288
1.50518942282632,5.1654353
1.52186192282632,5.073607
1.53115632282632,4.9804153
1.54399052282632,4.8604159
1.55816192282632,4.8055649
1.56752192282632,4.7033653
1.58674932282632,4.5414343
1.59497532282632,4.538372
1.60829892282632,4.4452696
1.62199872282632,4.319139
1.62978282282632,4.1799097
1.64247372282632,4.0801764
1.65840622282632,4.0441155
1.66685882282632,4.0419326
1.67651132282632,3.8727374
1.68848592282632,3.8814096
1.70759992282632,3.8492308
1.71748532282632,3.7585645
1.73159102282632,3.716074
1.74791732282632,3.6530197
1.75385082282632,3.6129503
1.77002192282632,3.5094693
1.78403812282632,3.4409239
1.79526062282632,3.4895465
1.80241192282632,3.3555479
1.81896512282632,3.3622906
1.83165002282632,3.2911227
1.83933272282632,3.1996667
1.85900192282632,3.253758
1.87162722282632,3.1126738
1.88209152282632,3.142029
1.89456762282632,3.0697584
1.90456032282632,3.0044765
1.92082102282632,2.975419
1.93193012282632,2.9511228
1.94614332282632,2.8505399
1.95608222282632,2.8018429
1.97070732282632,2.7457104
1.98275372282632,2.6665852
1.99356432282632,2.5121198
2.00459572282632,2.4913027
2.01932802282632,2.4536178
2.03232352282632,2.4054871
2.04548612282632,2.3936777
2.05893512282632,2.2964849
2.06988902282632,2.333194
2.08034152282632,2.2596941
2.09481712282632,2.2475348
2.10624852282632,2.173677
2.12024682282632,2.2026823
2.13206022282632,2.1915064
2.14125312282632,2.1186769
2.15675562282632,2.1408572
2.16902272282632,2.1147876
2.18112862282632,2.0863414
2.19350332282632,2.0623877
2.20796122282632,2.0567849
2.21951212282632,2.0161569
2.23172542282632,1.9993558
2.24528182282632,1.9489229
2.25713722282632,1.9122436
2.27114142282632,1.8933117
2.28211322282632,1.8780754
2.29359242282632,1.8266215
2.30760252282632,1.7774031
2.31677742282632,1.8002242
2.33226222282632,1.7730296
2.34307282282632,1.7650127
2.35840812282632,1.7503351
2.37086022282632,1.7312393
2.38315722282632,1.7118603
2.39663612282632,1.6810745
2.40743482282632,1.6753004
2.41480102282632,1.6329064
2.43404642282632,1.628086
2.44406312282632,1.6112626
2.45678992282632,1.591295
2.46869272282632,1.5518963
2.48152702282632,1.557611
2.49002142282632,1.5025735
2.50688502282632,1.5187413
2.51882382282632,1.4853626
2.53092972282632,1.4882908
2.54502362282632,1.4700069
2.55492682282632,1.4659911
2.57015482282632,1.4232471
2.58366342282632,1.4026016
2.59320852282632,1.3574138
2.60581012282632,1.3932064
2.61837542282632,1.3872459
2.63231412282632,1.3599694
2.64304102282632,1.3405383
2.65705122282632,1.33726
2.66870372282632,1.338765
2.68217652282632,1.2919605
2.69508832282632,1.2861788
2.70724212282632,1.2858063
2.72019572282632,1.257725
2.73326862282632,1.2424886
2.74475972282632,1.2301356
2.75718802282632,1.2348592
2.76973572282632,1.2134314
2.78000922282632,1.1900737
2.79562512282632,1.1957884
2.80838172282632,1.1847243
2.81978312282632,1.1669397
2.83172792282632,1.1488571
2.84667532282632,1.1437088
2.85638752282632,1.1453853
2.87008732282632,1.1168346
2.88231272282632,1.105629
2.89368432282632,1.0658576
2.90849442282632,1.0786877
2.91713822282632,1.0636002
2.93238992282632,1.0609701
2.94388712282632,1.0587573
2.95617812282632,1.0378585
2.97042102282632,1.0412931
2.98368522282632,1.0316148
2.99521202282632,1.0235085
3.00792682282632,1.0255873
3.01916112282632,0.99467486
3.03199542282632,0.99751353
3.04428642282632,0.97540021
3.05660742282632,0.98148733
3.06936402282632,0.95475465
3.08377402282632,0.94697624
3.09395182282632,0.94910711
3.10615342282632,0.94033778
3.11877862282632,0.9265691
3.13092632282632,0.93740225
3.14336652282632,0.92098117
3.15763942282632,0.9188205
3.17026462282632,0.89991093
3.18261542282632,0.88527054
3.19198742282632,0.89006126
3.20948972282632,0.8764565
3.22207922282632,0.89302659
3.23099752282632,0.86833537
3.24257792282632,0.88592619
3.25569882282632,0.84348768
3.27033582282632,0.83969533
3.28128382282632,0.82783401
3.29429692282632,0.83046407
3.30547752282632,0.81058592
3.31846702282632,0.80601871
3.33118192282632,0.80066919
3.34388482282632,0.80652535
3.35683242282632,0.78845769
3.36858022282632,0.78178942
3.38502592282632,0.75656921
3.39522762282632,0.77085197
3.40876622282632,0.76365471
3.42062152282632,0.76310337
3.43158712282632,0.72001666
3.44354402282632,0.74959546
3.45729752282632,0.74884295
3.46868102282632,0.74281543
3.48306152282632,0.7205531
3.49384802282632,0.71227551
3.50678982282632,0.70456415
3.52059092282632,0.72014332
3.53241652282632,0.68182498
3.54402102282632,0.70017576
3.55590002282632,0.6852746
3.56959982282632,0.68514049
3.58187282282632,0.6261766
3.59667102282632,0.658907
3.60729662282632,0.67439675
3.61964122282632,0.6659627
3.63273832282632,0.64211339
3.64459932282632,0.64365566
3.65529052282632,0.64148009
3.66832172282632,0.62418729
3.68132322282632,0.6005615
3.69363802282632,0.62265992
3.70616782282632,0.61230361
3.71822612282632,0.61083585
3.73242732282632,0.59144944
3.74400802282632,0.60997158
3.75625102282632,0.60130656
3.76943752282632,0.5973652
3.78144802282632,0.58327615
3.79464022282632,0.56836754
3.80743872282632,0.56377053
3.81899542282632,0.5633384
3.83176412282632,0.5614385
3.84427592282632,0.54891407
3.85727132282632,0.54204464
3.86941902282632,0.54298341
3.88332172282632,0.53916872
3.89444872282632,0.54619461
3.90740242282632,0.54234266
3.91903682282632,0.52642822
3.93162032282632,0.51757693
3.94325462282632,0.52212179
3.95728242282632,0.50694495
3.96944232282632,0.5126968
3.98250332282632,0.50999969
3.99462742282632,0.49231201
4.00771802282632,0.49497932
4.01966282282632,0.49941987
4.03317162282632,0.48878789
4.04445972282632,0.51400065
4.05608212282632,0.49179792
4.06985942282632,0.49158186
4.08228202282632,0.48526376
4.09506262282632,0.48452616
4.10399282282632,0.45698136
4.11907712282632,0.4716441
4.13108772282632,0.4806146
4.14383832282632,0.47300011
4.15723362282632,0.44846535
4.16970962282632,0.48241019
4.18094432282632,0.45779347
4.19055502282632,0.45138597
4.20602172282632,0.41880459
4.21794262282632,0.44284761
4.23204842282632,0.42769313
4.24201142282632,0.43452531
4.25623652282632,0.42007118
4.26790662282632,0.42265654
4.28299132282632,0.42077899
4.29379602282632,0.41606277
4.30754942282632,0.39108098
4.31939262282632,0.40849298
4.33107462282632,0.40934235
4.34437462282632,0.40663034
4.35742942282632,0.40198117
4.36871182282632,0.39177388
4.38235182282632,0.38048625
4.39556212282632,0.39442629
4.40603252282632,0.3946498
4.42127842282632,0.39160997
4.43239342282632,0.39728731
4.44597952282632,0.37614256
4.45488012282632,0.37442148
4.46967212282632,0.37596375
4.48122922282632,0.37561357
4.49328132282632,0.37423521
4.50658692282632,0.38083643
4.52109282282632,0.39065629
4.53228512282632,0.38318336
4.54343022282632,0.35724789
4.55746452282632,0.36300719
4.56858532282632,0.3612414
4.58159252282632,0.36538392
4.59429542282632,0.35519153
4.60899822282632,0.36750734
4.62023872282632,0.35209954
4.63239232282632,0.34339726
4.64545912282632,0.35110861
4.65778012282632,0.33977628
4.66991612282632,0.33448637
4.68217122282632,0.33661723
4.69310082282632,0.34502894
4.70549332282632,0.33617765
4.71647112282632,0.30576438
4.73266642282632,0.31855702
4.74305912282632,0.31778216
4.75546922282632,0.32717735
4.76919312282632,0.31911582
4.78194372282632,0.32430887
4.79612672282632,0.32823533
4.80555862282632,0.32446533
4.81913322282632,0.3336221
4.83033742282632,0.29961765
4.84445512282632,0.31361729
4.85721772282632,0.30008703
4.87092342282632,0.31083077
4.88212812282632,0.31319261
4.89530842282632,0.29249489
4.90985002282632,0.29431283
4.91805782282632,0.30457228
4.93099352282632,0.28561801
4.94332072282632,0.29042363
