0,0
0.0109730525654203,0.481057217340923
0.0219461051308407,0.962114434681847
0.032919157696261,1.44317165202277
0.0438922102616814,1.92422886936369
0.0548652628271017,2.40528608670462
0.0658383153925221,2.88634330404554
0.0768113679579424,3.36740052138646
0.0887572761941791,3.9854198
0.101710886194179,4.4271946
0.110879866194179,4.9001203
0.124036426194179,5.4740386
0.134835096194179,6.000474
0.151274826194179,6.6018329
0.163088256194179,7.1227403
0.175904566194179,7.7173262
0.188052326194179,8.2431879
0.199650856194179,8.783802
0.212926806194179,9.3833132
0.225802806194179,9.9240322
0.238696726194179,10.477684
0.251053396194179,11.065207
0.261798316194179,11.578873
0.276847186194179,12.152717
0.289120256194179,12.700163
0.301220236194179,13.246775
0.313594816194179,13.739668
0.325247076194179,14.275826
0.339161756194179,14.83927
0.349799246194179,15.347332
0.363039406194179,15.851789
0.375879556194179,16.354494
0.388785386194179,16.913839
0.398897556194179,17.349236
0.412860006194179,17.902597
0.425765836194179,18.35458
0.438528446194179,18.939249
0.449703186194179,19.406921
0.461922556194179,19.893587
0.477454926194179,20.386845
0.488396856194179,20.899281
0.501314606194179,21.3468
0.513665286194179,21.791986
0.526117476194179,22.131815
0.538044366194179,22.676409
0.551308366194179,23.069843
0.562697976194179,23.504608
0.575353116194179,23.884922
0.588873836194179,24.285227
0.601708026194179,24.678499
0.612214176194179,24.948433
0.624893156194179,25.34934
0.637876656194179,25.674366
0.651212306194179,25.961056
0.663927106194179,26.234396
0.676206136194179,26.603222
0.688425506194179,26.85219
0.700053896194179,27.029476
0.714416296194179,27.295813
0.725352256194179,27.489819
0.738711806194179,27.691528
0.749629826194179,27.733213
0.764039966194179,27.749344
0.776241386194179,27.800583
0.790418716194179,27.555986
0.798256546194179,27.441978
0.811317596194179,27.314299
0.824868176194179,27.147903
0.839027616194179,27.088091
0.850966366194179,26.938877
0.863370816194179,26.748165
0.876873616194179,26.466749
0.887899116194179,26.197269
0.899694616194179,25.901466
0.912379616194179,25.488556
0.925804716194179,24.994627
0.937218316194179,24.42827
0.950518116194179,23.507544
0.963113616194179,22.697725
0.976461116194179,21.791555
0.988483416194179,21.223494
1.00017751619418,20.782873
1.01200301619418,20.301737
1.02527301619418,19.687824
1.03762961619418,19.078136
1.04999821619418,18.079863
1.06072521619418,17.340727
1.07530851619418,16.778828
1.08917541619418,16.291529
1.09930541619418,15.867524
1.11304701619418,15.580908
1.12566031619418,15.295402
1.13656051619418,15.080198
1.15059461619418,14.902771
1.16239011619418,14.529586
1.17579141619418,13.955452
1.18999861619418,13.728253
1.20088081619418,13.327763
1.21277191619418,12.939736
1.22561801619418,12.578919
1.23749711619418,12.308895
1.25052241619418,11.956416
1.26316561619418,11.437416
1.27526551619418,11.001333
1.28863101619418,10.472998
1.30176961619418,10.216601
1.31421001619418,9.8676462
1.32587411619418,9.6117706
1.33863071619418,9.0257826
1.35141121619418,8.6688547
1.36391711619418,8.3160324
1.37547981619418,8.0439596
1.38842751619418,7.8798532
1.40225261619418,7.6430812
1.41173811619418,7.4569583
1.42426781619418,7.3422642
1.43903011619418,7.1873889
1.45153001619418,7.0272388
1.46306291619418,6.8443193
1.47575991619418,6.729804
1.48806871619418,6.5226407
1.50111781619418,6.2972307
1.51343871619418,6.0825944
1.52571181619418,5.8958383
1.53543001619418,5.6824608
1.55082511619418,5.5109487
1.56183861619418,5.3805189
1.57660091619418,5.300909
1.58765031619418,5.2394271
1.60137391619418,5.1228852
1.61317551619418,4.9942284
1.62450541619418,4.9007387
1.63529211619418,4.7655029
1.65129601619418,4.6717448
1.66130081619418,4.5752525
1.67525721619418,4.4855103
1.68743481619418,4.416801
1.70140921619418,4.3389125
1.71396291619418,4.2440667
1.72600911619418,4.1980224
1.73914781619418,4.1449966
1.75045381619418,4.0608349
1.76202851619418,3.9906054
1.77627151619418,3.8946719
1.78904611619418,3.8519428
1.80220861619418,3.7866831
1.81520991619418,3.6920457
1.82445651619418,3.6162212
1.83778021619418,3.5445392
1.85103231619418,3.5216212
1.86347841619418,3.4795775
1.87568591619418,3.414221
1.88680701619418,3.3391566
1.89984421619418,3.2738075
1.91366911619418,3.2383428
1.92500521619418,3.1652002
1.93746331619418,3.0960217
1.95114521619418,3.0454249
1.96415851619418,3.0036941
1.97532131619418,2.9473453
1.98817331619418,2.8955564
2.00007031619418,2.8537884
2.01304791619418,2.8166919
2.02428821619418,2.754204
2.03771951619418,2.7239621
2.05121021619418,2.6970954
2.06366231619418,2.6573911
2.07668161619418,2.6342721
2.08700281619418,2.599813
2.10052351619418,2.576612
2.11331581619418,2.5344119
2.12583381619418,2.4863706
2.13793371619418,2.4535656
2.15043951619418,2.4246275
2.16396021619418,2.3778603
2.17508131619418,2.3325608
2.18783191619418,2.328284
2.20027211619418,2.3164005
2.21293331619418,2.2641792
2.22656131619418,2.2414849
2.23730041619418,2.191551
2.25225381619418,2.1824465
2.26278381619418,2.1520853
2.27441221619418,2.1526365
2.28915071619418,2.1219401
2.30181771619418,2.0944924
2.31495641619418,2.0747111
2.32674001619418,2.0259917
2.33655951619418,1.984477
2.35005051619418,1.989521
2.36296821619418,1.9711852
2.37568901619418,1.9636005
2.38931131619418,1.946643
2.40184691619418,1.9247979
2.41337991619418,1.9294395
2.42575431619418,1.891911
2.43785431619418,1.8722713
2.45124371619418,1.8616915
2.46292001619418,1.8286258
2.47496611619418,1.799114
2.48971061619418,1.7594844
2.50070021619418,1.7530844
2.51323611619418,1.7363503
2.52424361619418,1.7067566
2.53833721619418,1.7007515
2.55064631619418,1.6875118
2.56204181619418,1.6327202
2.57420761619418,1.6128868
2.58908921619418,1.6149058
2.60222201619418,1.5792251
2.61171321619418,1.5599952
2.62661891619418,1.5695617
2.63820551619418,1.5579984
2.65086651619418,1.5306399
2.66296051619418,1.499638
2.67607521619418,1.4775469
2.68686201619418,1.4616996
2.70271091619418,1.4505014
2.71325881619418,1.4554188
2.72648691619418,1.4380664
2.73716021619418,1.422502
2.74995261619418,1.3915449
2.76341961619418,1.387924
2.77583601619418,1.3705566
2.78775101619418,1.347132
2.80120591619418,1.3295561
2.81235081619418,1.3150424
2.82690431619418,1.2981668
2.83806711619418,1.2356341
2.85014921619418,1.218915
2.86211181619418,1.2379513
2.87504751619418,1.2281761
2.88677741619418,1.2193173
2.90186791619418,1.216501
2.91244581619418,1.1836737
2.92517261619418,1.1595263
2.93813801619418,1.1639148
2.95071561619418,1.1430905
2.96360351619418,1.1291728
2.97668841619418,1.1102185
2.99005991619418,1.1111572
3.00189141619418,1.095824
3.01140051619418,1.0832176
3.02657491619418,1.0651872
3.03792861619418,1.0601804
3.05175381619418,1.0516346
3.06363271619418,1.0468513
3.07666991619418,1.043968
3.08863261619418,1.0128393
3.09957461619418,1.0142996
3.11068371619418,1.0082946
3.12582211619418,1.0052249
3.13868021619418,0.99271536
3.14961601619418,0.99068135
3.16390681619418,0.95983595
3.17752311619418,0.97130239
3.18946201619418,0.95966458
3.20049931619418,0.91443956
3.21310071619418,0.91539323
3.22527221619418,0.92229992
3.23852441619418,0.92819333
3.25081541619418,0.89336187
3.26342271619418,0.90876222
3.27545121619418,0.88576972
3.28791521619418,0.89520216
3.30193141619418,0.88384748
3.31305241619418,0.85518509
3.32613731619418,0.85544586
3.33808801619418,0.84966421
3.35137581619418,0.82950294
3.36202531619418,0.82410872
3.37626841619418,0.82501769
3.38774161619418,0.83127618
3.40037281619418,0.81261247
3.41502171619418,0.81475079
3.42570691619418,0.79372525
3.43833211619418,0.77889115
3.45102911619418,0.77587366
3.46412591619418,0.77815354
3.47538421619418,0.76727569
3.48738891619418,0.72985888
3.50055121619418,0.76150149
3.51364211619418,0.76120347
3.52535421619418,0.75182319
3.53828981619418,0.74990839
3.55155991619418,0.75338781
3.56255561619418,0.75237453
3.57476881619418,0.74028969
3.58809851619418,0.72753429
3.60062841619418,0.71702152
3.61449531619418,0.7115975
3.62565801619418,0.71375817
3.63905931619418,0.70562214
3.65256811619418,0.70722401
3.66210721619418,0.69981068
3.67596821619418,0.69121271
3.68859341619418,0.69012493
3.70027571619418,0.68166852
3.71218441619418,0.66566467
3.72593211619418,0.6588921
3.73927951619418,0.48889965
3.75107531619418,0.51251054
3.76336031619418,0.53535402
3.77620031619418,0.55304915
3.78778101619418,0.5684346
3.80161811619418,0.58090687
3.81288241619418,0.58057159
3.82606891619418,0.57251006
3.83912991619418,0.57571381
3.85109261619418,0.57315081
3.86272071619418,0.54498762
3.87425401619418,0.56670606
3.88799551619418,0.56950003
3.90065031619418,0.54099411
3.91229081619418,0.55643916
3.92623541619418,0.55371225
3.93631151619418,0.53499639
3.95119931619418,0.53268671
3.96238591619418,0.54382533
3.97778731619418,0.53238124
3.98729641619418,0.53591281
4.00107361619418,0.51283836
4.01282761619418,0.49895793
4.02600791619418,0.51987171
4.03794701619418,0.49865991
4.04878741619418,0.50734729
4.06190181619418,0.51876158
4.07678391619418,0.50826371
4.08873441619418,0.16113371
4.10099581619418,0.15506893
4.11229591619418,0.12607127
4.12660431619418,0.15031546
4.13826251619418,0.15415996
4.15082191619418,0.15664101
4.16373421619418,0.15050918
4.17452071619418,0.14528632
