0,0
0.0109234645259815,0.870248665796694
0.021846929051963,1.74049733159339
0.0327703935779445,2.61074599739008
0.0436938581039261,3.48099466318678
0.0546173226299076,4.35124332898347
0.0655407871558891,5.22149199478016
0.0764642516818706,6.09174066057686
0.0875882470426214,6.9904032
0.0985122670426213,7.9271049
0.112958227042621,8.8318291
0.125147727042621,9.9129457
0.136782107042621,10.854222
0.148511977042621,11.806525
0.162486347042621,12.88081
0.175081787042621,13.76079
0.187569767042621,14.89488
0.199502617042621,15.86698
0.212814357042621,16.863131
0.225565017042621,17.829739
0.236829277042621,18.845312
0.248982997042621,19.842289
0.262796197042621,20.849258
0.275773677042621,21.779545
0.288583997042621,22.778652
0.301245097042621,23.634075
0.312801867042621,24.63229
0.325098847042621,25.600962
0.336727207042621,26.391968
0.349734547042621,27.273849
0.363135877042621,28.176666
0.375331347042621,28.885349
0.387652217042621,29.905453
0.400164067042621,30.847355
0.413022157042621,31.719669
0.424793837042621,32.547176
0.437496727042621,33.338413
0.450539827042621,34.139408
0.462096637042621,34.813271
0.474942747042621,35.535454
0.487275537042621,36.198257
0.499763547042621,36.927223
0.512788777042621,37.520557
0.524715667042621,38.1269
0.538105007042621,38.628563
0.549763267042621,38.93161
0.563516737042621,39.183392
0.574858607042621,39.498508
0.588206237042621,39.848179
0.598903357042621,39.928585
0.612531547042621,40.066898
0.624016647042621,40.124401
0.638420817042621,40.459869
0.649511997042621,40.541798
0.662423787042621,40.67205
0.674941657042621,40.836945
0.687751947042621,41.055798
0.699356497042621,41.270718
0.712889137042621,41.468754
0.724416017042621,41.523754
0.736450377042621,41.677414
0.749356207042621,41.704014
0.764225957042621,41.860924
0.773824747042621,41.746632
0.785865067042621,41.636765
0.798621657042621,41.347488
0.814464447042621,41.432262
0.824713947042621,41.347057
0.838700317042621,41.108757
0.848884117042621,40.979565
0.862315217042621,40.684776
0.875322617042621,40.584641
0.886783817042621,40.339394
0.899498617042621,40.084198
0.911622517042621,39.843307
0.924976017042621,39.648621
0.937780417042621,39.422302
0.947809017042621,39.26651
0.961950517042621,38.973778
0.974713117042621,38.691044
0.987195117042621,38.433926
1.00035171704262,38.117245
1.01176511704262,37.858173
1.02633641704262,37.47776
1.03715891704262,37.094414
1.04979021704262,36.792397
1.06112011704262,36.42963
1.07437231704262,36.013111
1.08758851704262,34.873409
1.09845281704262,34.2547
1.11095271704262,33.748268
1.12511811704262,33.219368
1.13592281704262,32.622112
1.15109101704262,32.208786
1.16079131704262,31.74144
1.17528501704262,31.276434
1.18563591704262,30.650795
1.20047591704262,30.234396
1.21218791704262,29.783085
1.22407291704262,29.389425
1.23711011704262,29.022768
1.25052931704262,28.541773
1.26252181704262,28.077751
1.27354131704262,27.623161
1.28703821704262,27.25248
1.30096481704262,26.954451
1.31289171704262,26.710182
1.32396491704262,26.303568
1.33669771704262,26.01683
1.34994371704262,25.642805
1.36266461704262,25.261909
1.37395871704262,24.857759
1.38684061704262,24.46913
1.39981211704262,24.140471
1.41180471704262,23.796886
1.42540301704262,23.505711
1.43699551704262,23.27063
1.44859411704262,22.92613
1.46229981704262,22.7421
1.47429241704262,22.49328
1.48837421704262,22.252209
1.50056971704262,21.958851
1.51103401704262,21.645695
1.52526511704262,21.415703
1.53706061704262,21.116859
1.55040231704262,20.90066
1.56290821704262,20.799704
1.57506181704262,20.615616
1.58777071704262,20.450205
1.60008561704262,20.273447
1.61300931704262,20.080544
1.62563471704262,19.925161
1.63614681704262,19.755722
1.64887361704262,19.553289
1.66196441704262,19.330873
1.67560441704262,19.235224
1.68739401704262,19.046642
1.69937471704262,18.850237
1.71124181704262,18.650196
1.72369401704262,18.515192
1.73735201704262,18.352375
1.75031761704262,18.202625
1.76194001704262,17.98246
1.77517411704262,17.83222
1.78899931704262,17.636351
1.79990531704262,17.485313
1.81267391704262,17.271296
1.82485151704262,17.090254
1.83799601704262,16.874098
1.84962441704262,16.635246
1.86151551704262,16.479298
1.87448121704262,16.307875
1.88787651704262,16.117334
1.89984511704262,15.917234
1.91199871704262,15.766695
1.92600891704262,15.629128
1.93810291704262,15.506916
1.95059111704262,15.383445
1.96244021704262,15.230865
1.97439101704262,15.113935
1.98645521704262,14.984756
1.99788071704262,14.826849
2.01249961704262,14.700286
2.02528021704262,14.545835
2.03895611704262,14.419474
2.04928301704262,14.315345
2.06349631704262,14.201268
2.07475451704262,14.071197
2.08726641704262,13.911873
2.09851291704262,13.769574
2.11306021704262,13.665266
2.12554211704262,13.559744
2.13750481704262,13.429135
2.14916321704262,13.268389
2.16138841704262,13.171375
2.17410321704262,13.077371
2.18794031704262,13.011471
2.19900181704262,12.901485
2.21239711704262,12.790545
2.22424031704262,12.625143
2.23847131704262,12.53511
2.24941921704262,12.391344
2.26111931704262,12.291849
2.27369691704262,12.203999
2.28669211704262,12.098886
2.29980111704262,11.997275
2.31135181704262,11.912383
2.32500981704262,11.836752
2.33824391704262,11.696786
2.34983061704262,11.683636
2.36201401704262,11.555552
2.37400671704262,11.29818
2.38668561704262,11.214122
2.40068981704262,11.1067
2.41212721704262,11.002056
2.42296771704262,10.900147
2.43608231704262,10.799162
2.44911361704262,10.726042
2.46200751704262,10.645628
2.47642971704262,10.614798
2.48762221704262,10.542043
2.49892831704262,10.477803
2.51327271704262,10.437831
2.52488331704262,10.345899
2.53824881704262,10.27818
2.54953101704262,10.153763
2.56233521704262,10.103226
2.57583811704262,10.021173
2.58826641704262,9.9584312
2.60047391704262,9.8692102
2.61430501704262,9.7971411
2.62610051704262,9.680234
2.63745431704262,9.5835476
2.64994831704262,9.4602108
2.66413161704262,9.3817558
2.67450041704262,9.2602892
2.68758531704262,9.2012138
2.69971511704262,9.0739136
2.71183891704262,9.0347681
2.72547911704262,8.9505386
2.73658821704262,8.8937807
2.75004311704262,8.795455
2.76256111704262,8.7023602
2.77559231704262,8.6154938
2.78651621704262,8.5624676
2.80110551704262,8.4788647
2.81156991704262,8.4180088
2.82566361704262,8.3556767
2.83893351704262,8.2553625
2.85164241704262,8.1972103
2.86101431704262,8.1145763
2.87416501704262,8.0098515
2.88834831704262,7.9434662
2.89995291704262,7.860467
2.91227361704262,7.8219399
2.92531081704262,7.7731385
2.93744061704262,7.7087059
2.94983911704262,7.624939
2.96139601704262,7.5951443
2.97507761704262,7.5567589
2.98866411704262,7.486753
3.00062681704262,7.4448733
3.01338931704262,7.4255762
3.02460571704262,7.3508697
3.03728481704262,7.3160753
3.04975481704262,7.2797613
3.06232051704262,7.2286205
3.07323861704262,7.163897
3.08716511704262,7.1082788
3.10020231704262,7.0185366
3.11307241704262,6.9681554
3.12469481704262,6.9187803
3.13735601704262,6.8907738
3.14934251704262,6.8361163
3.16189621704262,6.8094954
3.17495131704262,6.7664161
3.18712281704262,6.7096429
3.19851851704262,6.6686945
3.21339411704262,6.6544862
3.22497491704262,6.6036582
3.23743891704262,6.5638871
3.24891801704262,6.5146832
3.26198501704262,6.4859538
3.27567291704262,6.4317508
3.28639411704262,6.3994603
3.30088781704262,6.3614397
3.31205061704262,6.2783661
3.32457421704262,6.2424541
3.33721761704262,6.1980262
3.35117981704262,6.1746464
3.36137561704262,6.124608
3.37545751704262,6.0743389
3.38721731704262,6.0042815
3.40022441704262,5.8901014
3.41300511704262,5.790822
3.42402461704262,5.7167635
3.43807051704262,5.6623816
3.45018241704262,5.6100788
3.46276591704262,5.4587274
3.47465701704262,5.3819494
3.48792101704262,5.3432436
3.49967481704262,5.297452
3.51252701704262,5.2542686
3.52478811704262,5.2092819
3.53707911704262,5.1861925
3.55050421704262,5.1490293
3.56203721704262,5.1370263
3.57561751704262,5.1106439
3.58708481704262,5.081892
3.60262891704262,5.0626397
3.61296201704262,5.0215049
3.62288931704262,4.9912186
3.63791421704262,4.9465671
3.64898751704262,4.8925056
3.66208431704262,4.866302
3.67514541704262,4.828155
3.68811081704262,4.8143492
3.70007941704262,4.7671199
3.71290181704262,4.7245474
3.72584941704262,4.6914668
3.73633761704262,4.6283679
3.74945851704262,4.5819206
3.76348061704262,4.5546966
3.77479271704262,4.4830813
3.78670141704262,4.4740291
3.80050281704262,4.4404716
3.81241771704262,4.3860822
3.82512071704262,4.3559594
3.83840271704262,4.3194518
3.85115341704262,4.3014736
3.86325311704262,4.2589006
3.87518601704262,4.2226987
3.88769201704262,4.1800885
3.90161851704262,4.1000843
3.91252471704262,4.0605965
3.92456481704262,4.0197744
3.93713661704262,3.9866045
3.94890211704262,3.9179325
3.96319291704262,3.9209054
3.97548391704262,3.8902462
3.98761991704262,3.8458035
3.99974341704262,3.8263054
4.01221941704262,3.7909746
4.02501821704262,3.7705078
4.03598971704262,3.7172065
4.05105641704262,3.6804602
4.06188491704262,3.6586151
4.07585331704262,3.6455245
4.08662841704262,3.6281495
4.09952211704262,3.6137178
4.11246971704262,3.5863371
4.12572761704262,3.554821
4.13636541704262,3.5293698
4.14980221704262,3.5107434
4.16103701704262,3.4968481
4.17621091704262,3.3978746
4.18624541704262,3.3689141
4.19927071704262,3.3248215
4.21110201704262,3.3096447
4.22541091704262,3.2874942
4.23704531704262,3.259048
4.25078061704262,3.2576547
4.26120331704262,3.2306685
4.27416901704262,3.2275095
4.28656151704262,3.220819
4.29981331704262,3.174819
4.31252811704262,3.1444654
4.32579231704262,3.1291842
4.33931871704262,3.1087399
4.35082201704262,3.079109
4.36021801704262,3.0671432
4.37724251704262,3.0602515
4.38805911704262,3.0283258
4.40071441704262,3.0127316
4.41200831704262,2.9935837
4.42484851704262,2.9741154
4.43683531704262,2.9497147
4.45152571704262,2.9523075
4.46087411704262,2.9152334
4.47537951704262,2.9089227
4.48730661704262,2.8939619
4.49830201704262,2.8723478
4.51218701704262,2.8393269
4.52586891704262,2.846971
4.53765251704262,2.820678
4.54950761704262,2.7945414
4.56311181704262,2.7483554
4.57496691704262,2.7235599
4.58772991704262,2.7007089
4.59916111704262,2.6809275
4.61349961704262,2.687767
4.62619061704262,2.6788936
4.63878581704262,2.6544108
4.65012791704262,2.6353226
4.66228771704262,2.631031
4.67472791704262,2.6126356
4.68761591704262,2.5934503
4.69968601704262,2.5841446
4.71235891704262,2.5574863
4.72392181704262,2.5177524
4.73775291704262,2.4969802
4.74942871704262,2.4832263
4.76160621704262,2.3960397
4.77453611704262,2.3875906
4.78731061704262,2.3687706
4.79937501704262,2.3539515
4.81157021704262,2.3149624
4.82542511704262,2.3073628
4.83668371704262,2.2830515
4.85072371704262,2.2726729
4.86272191704262,2.2347198
4.87390901704262,2.2160709
4.88840861704262,2.2060797
4.89957711704262,2.179183
4.91185621704262,2.1709278
4.92405791704262,2.1569505
4.93590691704262,2.1490381
4.94914101704262,2.1148994
4.96220211704262,2.1182373
4.97559161704262,2.0989628
4.98658701704262,2.0904913
5.00085401704262,2.0284281
5.01250031704262,2.0117311
5.02557321704262,2.0073428
5.03664061704262,1.9966736
5.05007171704262,1.9804761
5.06269691704262,1.9568652
5.07393741704262,1.9550397
5.08652111704262,1.9431561
5.09999991704262,1.9235015
5.11185501704262,1.9209981
5.12523271704262,1.9013882
5.13737441704262,1.9007772
5.14975501704262,1.8607006
5.16325191704262,1.843281
5.17607971704262,1.8346682
5.18513531704262,1.7960443
5.19971271704262,1.7900467
5.21263071704262,1.7701834
5.22709461704262,1.7580241
5.23705151704262,1.7230362
5.24990371704262,1.7232001
5.26068451704262,1.6884953
5.27479601704262,1.6814321
5.28640651704262,1.6609579
5.30038691704262,1.6378909
5.31048111704262,1.6344935
5.32487341704262,1.6251876
5.33657931704262,1.6141087
5.35027881704262,1.6063899
5.36224791704262,1.580678
5.37589361704262,1.5922934
5.38752791704262,1.5694052
5.40020701704262,1.5605316
5.41225341704262,1.5555546
5.42409081704262,1.5426427
5.43638751704262,1.5383065
5.45044561704262,1.5326366
5.46167421704262,1.5262887
5.47479481704262,1.516819
5.48593951704262,1.5189872
5.50052311704262,1.4789031
5.51167961704262,1.4608949
5.52666281704262,1.4662743
5.53552771704262,1.4465153
5.54918571704262,1.4429092
5.56394771704262,1.4465823
5.57450771704262,1.4315023
5.58509731704262,1.4199986
5.60010431704262,1.4000013
5.61366701704262,1.3975873
5.62411931704262,1.3992712
5.63659521704262,1.3849437
5.65042061704262,1.3871715
5.66270541704262,1.3667271
5.67577271704262,1.3552755
5.68678041704262,1.3486147
5.70010991704262,1.3382361
5.71105191704262,1.3100505
5.72429801704262,1.326792
5.73979471704262,1.3185813
5.74942921704262,1.2945309
5.76150511704262,1.2914389
5.77435161704262,1.2728274
5.78707221704262,1.2711062
5.80089711704262,1.27355
5.81151671704262,1.257591
5.82547331704262,1.2525246
5.83578251704262,1.2319982
5.85013291704262,1.2375712
5.86308671704262,1.2301729
5.87506101704262,1.2162998
5.88726851704262,1.2143701
5.89919571704262,1.2089238
5.91361761704262,1.1965706
5.92619511704262,1.1884644
5.93702361704262,1.1625216
5.95195291704262,1.1597723
5.96093701704262,1.1550188
5.97506041704262,1.1514351
5.98822311704262,1.1460409
6.00010821704262,1.1350439
6.01226801704262,1.1240468
6.02476791704262,1.1232346
6.03671261704262,1.1015087
6.05023911704262,1.1080577
6.06205841704262,1.0953993
6.07499451704262,1.0809004
6.08752391704262,1.0764375
6.09939141704262,1.0556207
6.11341331704262,1.0602623
6.12475541704262,1.0569543
6.13866421704262,1.0449141
6.14814951704262,1.0420754
6.16421321704262,1.0434017
6.17371651704262,1.0291264
6.18690251704262,1.0432154
6.20117571704262,1.0387897
6.21161031704262,1.0299385
6.22462941704262,1.0263398
6.23696801704262,1.0252595
6.24931861704262,1.0148883
6.26310821704262,1.0187626
6.27654501704262,0.99878758
6.28751091704262,0.99334121
6.29924681704262,0.99702924
6.31195591704262,0.99170208
6.32544041704262,0.989452
6.33700941704262,0.97420067
6.35095981704262,0.97504258
6.36307191704262,0.96606463
6.37425231704262,0.96198171
6.38745691704262,0.97099692
6.39983131704262,0.96136332
6.41160301704262,0.94804913
6.42424631704262,0.93181431
6.43659111704262,0.93242526
6.44811771704262,0.93791634
6.46168611704262,0.92645735
6.47588731704262,0.92608482
6.48884101704262,0.90729445
6.49904871704262,0.92188269
6.51270051704262,0.92338771
6.52504541704262,0.91733783
6.53701401704262,0.89580566
6.54911421704262,0.90426952
6.56274841704262,0.90552866
6.57353491704262,0.88057667
6.58746771704262,0.88035315
6.60019441704262,0.89396536
6.61191221704262,0.86985528
6.62577341704262,0.88365376
6.63629721704262,0.8732006
6.65070151704262,0.87904185
6.66158961704262,0.86058676
6.67508031704262,0.87484717
6.68798641704262,0.86843967
6.70003271704262,0.84905326
6.71293831704262,0.85160136
6.72443531704262,0.84047765
6.73747871704262,0.82849711
6.75055741704262,0.83756447
6.76062771704262,0.82562864
6.77533051704262,0.82372129
6.78708461704262,0.82743913
6.80015751704262,0.81476569
6.81251381704262,0.81406534
6.82427361704262,0.79114735
