0,0
0.00151066367354891,0.173007762040559
0.00302132734709781,0.346015524081118
0.00453199102064672,0.519023286121673
0.00604265469419565,0.692031048162235
0.00755331836774456,0.865038810202794
0.00906398204129347,1.03804657224335
0.0105746457148424,1.21105433428391
0.0109784278896513,1.132831
0.0203503778896513,2.8476939
0.0408731978896513,4.7501326
0.0512599478896513,6.2095151
0.0646672178896513,7.4891968
0.0729587378896513,8.2167606
0.0870226378896513,10.453008
0.102746047889651,11.813291
0.112834327889651,13.345584
0.126235627889651,14.78821
0.137082037889651,15.734092
0.150352027889651,17.724194
0.165932177889651,18.724598
0.175095197889651,20.444237
0.186025167889651,21.628342
0.199772707889651,23.27486
0.215042437889651,23.94665
0.222629537889651,25.021814
0.235117547889651,26.619963
0.253103337889651,29.267355
0.265537617889651,30.805185
0.276658617889651,32.366188
0.290615077889651,33.77837
0.301694297889651,35.228714
0.314737437889651,35.269348
0.325583837889651,37.870586
0.338543407889651,39.425373
0.353096807889651,40.592747
0.363907387889651,42.201607
0.380114307889651,43.282001
0.387838717889651,44.93037
0.402350357889651,46.448784
0.413441477889651,47.592999
0.426532387889651,47.874584
0.438310017889651,50.310535
0.451944167889651,51.536842
0.464199297889651,53.023575
0.478860197889651,52.934914
0.484751997889651,53.9646
0.502839257889651,56.859447
0.516282377889651,57.360947
0.525433477889651,59.068485
0.536560407889651,60.282974
0.552039077889651,61.807186
0.565273277889651,63.062401
0.576358437889651,64.148903
0.589013567889651,65.065636
0.602725257889651,65.069946
0.615278957889651,67.852394
0.627384897889651,69.053635
0.640833967889651,70.228142
0.652969717889651,71.431206
0.664580217889651,72.404343
0.676262377889651,71.887062
0.690881427889651,74.881035
0.699817597889651,75.67942
0.712054907889651,76.638771
0.727211167889651,76.357361
0.740117067889651,77.38356
0.749393517889651,79.658318
0.761845647889651,80.253113
0.776822917889651,79.790024
0.790140627889651,82.154587
0.802437597889651,82.60305
0.813898857889651,83.127602
0.823563327889651,83.283142
0.839059887889651,83.955612
0.844348787889651,83.286179
0.864543267889651,84.24395
0.877085067889651,84.001633
0.883030467889651,82.82901
0.902699667889651,83.785919
0.911558367889651,83.327995
0.922118167889651,82.951797
0.936904367889651,83.445282
0.953302367889651,82.14621
0.963295067889651,83.047928
0.975556167889651,81.881989
0.987059267889651,82.569153
1.00143966788965,82.242775
1.00925946788965,81.732613
1.02675586788965,81.224846
1.04183456788965,80.622765
1.05091396788965,80.293343
1.06556286788965,79.449936
1.07554966788965,79.179016
1.08948816788965,78.729424
1.10259106788965,78.201782
1.11560446788965,77.252609
1.12627776788965,77.368629
1.13803736788965,76.641037
1.15195806788965,75.074974
1.16286416788965,75.525314
1.17563876788965,74.847
1.18806106788965,74.13295
1.20297856788965,73.434875
1.21607536788965,71.843925
1.22714866788965,71.977493
1.23816816788965,71.249901
1.25136056788965,70.392342
1.26193226788965,69.166344
1.27473666788965,68.430168
1.28755896788965,67.720474
1.30076326788965,66.717041
1.31247526788965,65.69561
1.32505876788965,64.508438
1.33342786788965,62.675877
1.35304936788965,61.788483
1.36489856788965,60.493023
1.37553606788965,59.147327
1.38826876788965,58.114021
1.40192676788965,56.982861
1.41141216788965,55.707485
1.42771466788965,54.674877
1.43939066788965,53.274467
1.45111466788965,51.825672
1.46735746788965,49.856945
1.47905746788965,48.741192
1.48930086788965,47.75034
1.50082786788965,46.852501
1.51387096788965,45.593277
1.52729016788965,44.460358
1.53801716788965,43.859856
1.55092896788965,42.918846
1.56496316788965,41.796848
1.57229956788965,40.263638
1.58754536788965,39.507404
1.60042736788965,38.430824
1.61412706788965,37.38892
1.62600026788965,36.816387
1.64123406788965,36.175995
1.64345476788965,35.165833
1.66439536788965,34.289375
1.67733116788965,34.370689
1.68837456788965,33.709885
1.70141166788965,33.052357
1.71467576788965,32.368271
1.72810096788965,31.363995
1.73583726788965,31.180113
1.75061146788965,30.889675
1.76422766788965,29.90657
1.77696636788965,30.021385
1.78330596788965,29.104322
1.80055756788965,29.065594
1.81380956788965,28.5874
1.82559916788965,28.313175
1.83967496788965,27.996227
1.84927976788965,27.517408
1.86326006788965,27.277082
1.87577206788965,27.072847
1.89003876788965,26.562788
1.89534576788965,26.135765
1.91296726788965,25.736414
1.92711476788965,25.404171
1.94046836788965,24.801224
1.95001936788965,24.672739
1.96382666788965,24.407223
1.97949036788965,23.919687
1.98931606788965,23.738087
2.00094446788965,23.516678
2.01562906788965,23.119219
2.02734116788965,22.880211
2.03992466788965,22.427618
2.04720116788965,21.971636
2.06402306788965,21.811113
2.07617076788965,21.447561
2.08827076788965,21.191246
2.10097366788965,20.979053
2.11348566788965,20.608015
2.12541226788965,20.273916
2.13815096788965,20.044788
2.15197616788965,19.87394
2.16319876788965,19.586294
2.17468386788965,19.322075
2.19107586788965,18.922924
2.20057306788965,18.91037
2.21261936788965,18.588558
2.22484476788965,18.219835
2.23721936788965,17.943911
2.25254876788965,17.418205
2.26483376788965,17.545954
2.27680236788965,17.32865
2.28934416788965,17.132416
2.30099636788965,16.925014
2.31353216788965,16.586781
2.32465316788965,16.445204
2.33624556788965,16.253658
2.35120496788965,16.033113
2.36341836788965,15.719824
2.37170396788965,15.514403
2.38726616788965,15.305966
2.40090636788965,15.108049
2.41224226788965,14.803693
2.42475396788965,14.491871
2.43840006788965,14.271461
2.45013596788965,14.120311
2.46674276788965,13.770201
2.47447926788965,13.721116
2.48780876788965,13.538949
2.50175336788965,13.36991
2.51410396788965,12.943827
2.52766666788965,12.937166
2.53931286788965,12.790516
2.55005766788965,12.649708
2.56370976788965,12.467154
2.57416226788965,12.115933
2.58706816788965,12.200527
2.60358526788965,11.964239
2.61501076788965,11.914476
2.62545136788965,11.900208
2.64035686788965,11.719651
2.65076166788965,11.566512
2.66429426788965,11.525266
2.67734936788965,11.416592
2.68873886788965,11.288442
2.70160896788965,11.107504
2.71160176788965,10.867164
2.72755796788965,10.933243
2.73938326788965,10.635368
2.74895816788965,10.64869
2.76406076788965,10.558568
2.76960046788965,10.388635
2.78387336788965,10.185033
2.79982356788965,10.128178
2.81323676788965,9.9928379
2.82542046788965,9.8713036
2.83903656788965,9.738512
2.85169176788965,9.6333246
2.86324836788965,9.3571692
2.87585576788965,9.4301624
2.89225966788965,9.1786976
2.90182856788965,9.1963034
2.91293176788965,9.0619698
2.92605856788965,8.9707003
2.93811656788965,8.9134874
2.95111806788965,8.8556633
2.96502666788965,8.7853146
2.97730566788965,8.7002068
2.98927456788965,8.6483955
3.00220426788965,8.5439463
3.01452496788965,8.4384975
3.02537136788965,8.3636646
3.03536416788965,8.2696676
3.04977426788965,8.1794186
3.05875826788965,8.02388
3.07701286788965,8.0677271
3.08874256788965,7.9812331
3.10074116788965,7.9429002
3.11359316788965,7.8734307
3.12772276788965,7.7897015
3.13844976788965,7.7551527
3.15043646788965,7.6753049
3.16338996788965,7.628098
3.17467216788965,7.5587258
3.18985826788965,7.5061917
3.20038826788965,7.4557586
3.21319866788965,7.3840618
3.22545386788965,7.2409735
3.23709426788965,7.2849693
3.25050146788965,7.2191505
3.26229696788965,7.1363449
3.27497606788965,7.0785804
3.28882506788965,7.0348902
3.30003556788965,7.0131273
3.31400396788965,6.9484563
3.32621146788965,6.844677
3.33925446788965,6.7917705
3.35117536788965,6.6627116
3.36303666788965,6.6380577
3.37536936788965,6.605886
3.38453846788965,6.5139236
3.40143186788965,6.3605385
3.41255886788965,6.4722524
3.42667636788965,6.3958244
3.43859726788965,6.3439531
3.45171216788965,6.3117666
3.46396736788965,6.2553658
3.47551206788965,6.1209054
3.48980886788965,6.1267242
3.50115066788965,6.0278177
3.51145396788965,5.9706793
3.52508196788965,5.8379993
3.53978476788965,5.8907943
3.55020716788965,5.8125334
3.56247426788965,5.7258754
3.57669956788965,5.6504459
3.58838756788965,5.6427569
3.60140086788965,5.6032839
3.61482606788965,5.5149941
3.62598276788965,5.4347963
3.63881116788965,5.4819436
3.65212276788965,5.4087191
3.66395426788965,5.405426
3.67607816788965,5.3225904
3.68767076788965,5.2549987
3.70174056788965,5.2448659
3.71135716788965,5.1886292
3.72825056788965,5.1600933
3.73932386788965,5.1302686
3.74763326788965,5.0421433
3.76298666788965,5.029388
3.77792196788965,4.9454646
3.78668506788965,4.9065647
3.80151296788965,4.8396292
3.81382206788965,4.8201308
3.82581456788965,4.7750249
3.83808166788965,4.7171936
3.85429456788965,4.629962
3.86364276788965,4.6459289
3.87471586788965,4.6043472
3.88655906788965,4.5607462
3.90341666788965,4.5330229
3.91361866788965,4.5147986
3.92162946788965,4.4561849
3.93908406788965,4.4416637
3.95018726788965,4.3786392
3.96265706788965,4.3721719
3.97577766788965,4.3288765
3.98861796788965,4.3148026
4.00074196788965,4.2343884
4.01471046788965,4.2183399
4.02466736788965,4.155755
4.03851036788965,4.1220636
4.05151186788965,4.1019993
4.06476356788965,4.0506868
4.07602796788965,4.0321498
4.08738756788965,4.0060577
4.10150536788965,3.9612203
4.11390976788965,3.9484277
4.12754396788965,3.929548
4.13928566788965,3.8887336
4.14892056788965,3.8592219
4.16386176788965,3.8096979
4.17566926788965,3.7667007
4.18777516788965,3.7396178
4.20068126788965,3.6989152
4.21306756788965,3.6602168
4.22408106788965,3.6626234
4.23831226788965,3.596276
4.25081206788965,3.575474
4.26055436788965,3.54404
4.27602106788965,3.5153031
4.28788186788965,3.4982338
4.29958206788965,3.4537985
4.31381896788965,3.4270139
4.32596116788965,3.3833981
4.33253916788965,3.3365636
4.35030986788965,3.3497214
4.36212356788965,3.3151581
4.37540536788965,3.3279583
4.39038856788965,3.2863469
4.40013656788965,3.2716393
4.41453506788965,3.2576694
4.42739296788965,3.2308846
4.43749336788965,3.2289176
4.45190956788965,3.2114909
4.46529296788965,3.1770616
4.47590026788965,3.1490102
4.48797656788965,3.1310544
4.49555166788965,3.056869
4.51372246788965,3.0923784
4.52591186788965,3.0343831
4.53842406788965,3.025502
4.55186086788965,3.0139611
4.56525616788965,2.9732733
4.56988246788965,2.9401407
4.58897886788965,2.9537454
4.59804016788965,2.8898194
4.61326226788965,2.9231758
4.62521896788965,2.9045343
4.63851266788965,2.8798432
4.65352586788965,2.8355269
4.66243226788965,2.8355718
4.67613796788965,2.8174222
4.68878706788965,2.8119385
4.69951446788965,2.7752221
4.71286776788965,2.756104
4.72634656788965,2.7249978
4.74039846788965,2.7170033
4.74960336788965,2.6871786
4.76406146788965,2.6952996
4.77637006788965,2.6445761
4.78725866788965,2.6338325
4.80185946788965,2.6055946
4.81252106788965,2.6045666
4.82471046788965,2.5906339
4.83865506788965,2.5769472
4.85251576788965,2.5380998
4.86298616788965,2.5575905
4.87652496788965,2.5386884
4.89202746788965,2.4737492
4.90009216788965,2.4922266
4.91356516788965,2.4799333
4.92592146788965,2.463594
4.93773516788965,2.4481268
4.95131546788965,2.4306848
4.96385726788965,2.4145319
4.97493656788965,2.3852215
4.98824836788965,2.3696795
5.00151206788965,2.3701787
5.01337346788965,2.3507998
5.02891786788965,2.3187473
5.03846266788965,2.3189485
5.04988816788965,2.3184717
5.06503256788965,2.2911654
5.07115706788965,2.2943168
5.08840896788965,2.2815988
5.10101036788965,2.2358747
5.11251316788965,2.220407
5.12522796788965,2.1934583
5.13934566788965,2.165638
5.15124846788965,2.1163299
5.16421416788965,2.0783992
5.17688706788965,2.068013
5.18905306788965,2.0712466
5.20025736788965,2.0483806
5.21633296788965,2.0391717
5.22639756788965,2.0183177
5.23742296788965,2.0050778
5.24970206788965,2.0048842
5.26385546788965,1.9980743
5.27516756788965,1.9770489
5.28877786788965,1.9715577
5.30173116788965,1.953207
5.31327016788965,1.9247904
5.32601506788965,1.9357576
5.34094436788965,1.8901005
5.35219056788965,1.9146278
5.36385496788965,1.9102767
5.37485076788965,1.8755049
5.38915926788965,1.8231869
5.40093096788965,1.824975
5.41192056788965,1.799129
5.42570976788965,1.7951205
5.43878896788965,1.7977208
5.45059016788965,1.7707348
5.46196226788965,1.7684772
5.47706466788965,1.7524213
5.48995266788965,1.7410889
5.50054836788965,1.7179996
5.51315546788965,1.705274
5.52513606788965,1.688905
5.53769596788965,1.6627386
5.54952726788965,1.6876608
5.56227786788965,1.6674548
5.57598976788965,1.6764627
5.58802986788965,1.6634688
5.60174186788965,1.6348138
5.61335806788965,1.6658902
5.62612066788965,1.6496032
5.63762386788965,1.6383603
5.65353826788965,1.6183779
5.66305926788965,1.6218946
5.67632916788965,1.6330779
5.69022616788965,1.6112254
5.70254716788965,1.5823469
5.71196086788965,1.5830173
5.72742756788965,1.5711933
5.73967656788965,1.5518143
5.75032616788965,1.5507936
5.76274256788965,1.5373528
5.77536776788965,1.518935
5.79052406788965,1.5147104
5.80065396788965,1.4836416
5.81333876788965,1.4935136
5.82546286788965,1.4829338
5.83925826788965,1.4663711
5.85156686788965,1.4551133
5.86432986788965,1.4339612
5.87607146788965,1.4402196
5.88866666788965,1.4491081
5.90125656788965,1.4232323
5.91373256788965,1.4075935
5.92639926788965,1.4179349
5.93761596788965,1.3877451
5.95126206788965,1.3930351
5.96444226788965,1.3851299
5.97368916788965,1.3556927
5.98939476788965,1.3689697
6.00129756788965,1.3431907
6.01279456788965,1.3372376
6.02765846788965,1.33688
6.03662446788965,1.3257637
6.05085566788965,1.313813
6.06386286788965,1.305446
6.07537796788965,1.2950525
6.08870176788965,1.290746
6.10093886788965,1.3127327
6.11416106788965,1.27583
6.12589076788965,1.2757108
6.13640316788965,1.2747719
6.15101626788965,1.2549236
6.16225056788965,1.27355
6.17663676788965,1.2363791
6.18642046788965,1.2187362
6.20066986788965,1.2428463
6.21403506788965,1.2405962
6.22720386788965,1.2336671
6.23970366788965,1.2325869
6.25324826788965,1.2316257
6.26209506788965,1.2340695
6.27663616788965,1.2168064
6.28819896788965,1.209043
6.30064536788965,1.2108237
6.31221396788965,1.221709
6.32643896788965,1.2152046
6.33840756788965,1.2259632
6.35021496788965,1.1829138
6.36314496788965,1.2044311
6.37610436788965,1.1702254
6.38739256788965,1.1982769
6.40239956788965,1.1659414
6.41393856788965,1.1640265
6.42528016788965,1.1421368
6.43845466788965,1.1580958
6.45052486788965,1.1447519
6.46338896788965,1.146488
6.47565036788965,1.1352375
6.48819216788965,1.1253133
6.50082306788965,1.1380241
6.51399756788965,1.1340678
6.52532156788965,1.1160672
6.53769016788965,1.0798275
6.55045276788965,1.0725632
6.56307796788965,1.0965691
6.57783466788965,1.0851324
6.58813766788965,1.0711551
6.60235076788965,1.086302
6.61392546788965,1.0870769
6.62544016788965,1.0683014
6.63714656788965,1.077868
6.65294746788965,1.0571331
6.66408016788965,1.065515
6.67545796788965,1.0325537
6.68741466788965,1.052469
6.70075616788965,1.0548234
6.71376376788965,1.04931
6.72622776788965,1.0363088
6.73843536788965,1.0170788
6.75016506788965,1.0163635
6.76309496788965,1.0252967
6.77574396788965,1.0046214
6.78691296788965,0.99375844
6.80120326788965,1.0071769
6.81261116788965,1.0007024
6.82566026788965,0.97538531
6.83832696788965,0.98932534
6.85048676788965,0.99655241
