0,0
0.00349314420689442,0.421279464694452
0.00698628841378883,0.842558929388902
0.0104794326206833,1.26383839408336
0.0139725768275777,1.68511785877781
0.0174657210344721,2.10639732347226
0.0209588652413665,2.52767678816671
0.0244520094482609,2.94895625286116
0.0284508089272463,3.6334395
0.0408194189272462,4.8978701
0.0526627089272463,6.4475832
0.0665057489272463,7.9437199
0.0796802089272463,9.497963
0.0909325389272463,10.971128
0.103533948927246,12.508854
0.113431218927246,14.046542
0.129053148927246,15.682951
0.140275618927246,17.038069
0.153844078927246,18.560984
0.165884348927246,20.125448
0.179339388927246,21.611273
0.191487108927246,23.112341
0.204858578927246,24.600513
0.215812448927246,26.033804
0.229834568927246,27.522623
0.241349558927246,28.972059
0.254332998927246,30.386909
0.266247938927246,31.808659
0.279899928927246,33.250153
0.290901548927246,34.674675
0.303932768927246,36.162212
0.316838598927246,37.552433
0.328932618927246,38.973614
0.341993668927246,40.40757
0.353084808927246,41.764172
0.366498058927246,43.123035
0.377284768927246,44.374912
0.390447298927246,45.899601
0.403239738927246,47.265202
0.416103788927246,48.620686
0.428245548927246,49.986809
0.441646878927246,51.264763
0.454272158927246,52.645786
0.465417038927246,53.994656
0.479606278927246,55.207504
0.491891328927246,56.494102
0.503985348927246,57.828186
0.516043548927246,59.146687
0.528018188927246,60.466572
0.540816548927246,61.544151
0.554295488927246,62.634857
0.566311848927246,64.052956
0.579737078927246,65.205353
0.591622118927246,66.415192
0.603423658927246,67.562836
0.616025038927246,68.826363
0.629509938927246,70.025597
0.640786118927246,71.072968
0.652408548927246,72.197151
0.667893178927246,73.287071
0.678500838927246,74.279312
0.690535138927246,75.251251
0.705858598927246,76.265961
0.717618298927246,77.282684
0.727151458927246,78.102364
0.740248328927246,79.137955
0.752587088927246,79.923882
0.763564828927246,80.60379
0.777843598927246,81.683365
0.790898688927246,82.312149
0.803279228927246,82.986641
0.815976148927246,83.585991
0.829831128927246,84.063515
0.842062418927246,83.765846
0.853684848927246,84.722176
0.865868398927246,84.61335
0.879293628927246,83.958328
0.891214498927246,83.266792
0.904490478927246,82.37973
0.914871278927246,81.634644
0.928553178927246,81.106346
0.941560478927246,80.335411
0.953117178927246,79.425888
0.966416978927246,78.795998
0.978624378927246,78.146339
0.992383878927246,77.519852
1.00385107892725,76.704666
1.01622577892725,75.921608
1.02766307892725,74.883446
1.04174487892725,73.364792
1.05522987892725,72.618904
1.06586727892725,71.363541
1.07858807892725,69.975647
1.09012097892725,68.914711
1.10196427892725,68.014847
1.11567597892725,66.358162
1.12891607892725,65.066071
1.14169667892725,64.057526
1.15498457892725,63.109787
1.16651137892725,61.788948
1.17771597892725,60.388134
1.19106957892725,59.094967
1.20430367892725,57.936756
1.21621867892725,56.367443
1.22787087892725,54.848907
1.23893217892725,53.428753
1.25407057892725,51.940666
1.26823007892725,50.542622
1.27812127892725,49.068466
1.29426257892725,46.629234
1.30264957892725,45.339348
1.31660607892725,43.648899
1.33043717892725,42.118668
1.34011957892725,40.953308
1.35471467892725,39.593266
1.36615807892725,38.318485
1.38019807892725,37.076996
1.39199357892725,36.153019
1.40045827892725,35.329178
1.41640847892725,34.351601
1.42837707892725,33.300282
1.44145617892725,32.588257
1.45310237892725,31.844898
1.46623507892725,31.20862
1.48053787892725,30.668884
1.49224977892725,30.099348
1.50313197892725,29.507309
1.51726757892725,29.041916
1.52951677892725,28.402716
1.54254787892725,27.856007
1.55653427892725,27.255177
1.56361987892725,26.368736
1.57982097892725,26.081175
1.59335357892725,25.768831
1.60333437892725,25.33593
1.61581047892725,24.76947
1.62892517892725,24.540871
1.64190857892725,24.069571
1.65425937892725,23.655586
1.66672347892725,23.297771
1.67993377892725,22.985809
1.69195017892725,22.654533
1.70442627892725,22.374146
1.71723657892725,21.992683
1.72874547892725,21.714561
1.74076787892725,21.357365
1.75518397892725,21.024965
1.76728397892725,20.571276
1.77825577892725,20.19339
1.79150777892725,19.868969
1.80319587892725,19.418306
1.81667477892725,18.972733
1.82931797892725,18.59577
1.84445037892725,17.950863
1.85432977892725,17.977491
1.86558217892725,17.611958
1.87901927892725,17.219856
1.89224747892725,16.980671
1.90474147892725,16.700991
1.91671617892725,16.451866
1.93033817892725,16.098843
1.93781787892725,15.7061
1.95372637892725,15.795835
1.96565327892725,15.572145
1.97757417892725,15.331656
1.99179917892725,15.195571
1.99911767892725,14.848322
2.01592757892725,14.943182
2.02997357892725,14.804631
2.04143487892725,14.572054
2.05234677892725,14.449552
2.06873277892725,14.285311
2.08065967892725,14.153741
2.08893927892725,13.947539
2.10499697892725,13.752617
2.11565837892725,13.629742
2.13012227892725,13.407983
2.14029417892725,12.906022
2.15204177892725,13.012745
2.16619517892725,12.8351
2.17697607892725,12.625485
2.19075947892725,12.465842
2.20282937892725,12.229957
2.21873787892725,12.02187
2.22942307892725,11.835337
2.24253807892725,11.660099
2.25267397892725,11.334933
2.26350837892725,11.051275
2.27408037892725,10.89023
2.29065737892725,10.806784
2.30296617892725,10.595314
2.31562737892725,10.459423
2.32994207892725,10.267668
2.34056147892725,10.177284
2.35401067892725,10.079161
2.36572847892725,9.913497
2.37872987892725,9.8148804
2.39259077892725,9.472683
2.40277467892725,9.4999676
2.41577607892725,9.3571396
2.43114717892725,9.1580448
2.44026837892725,9.1209259
2.45360407892725,9.000577
2.46581747892725,8.9099779
2.47889647892725,8.7738256
2.49048907892725,8.687891
2.50263677892725,8.6179819
2.51634847892725,8.3634262
2.52933797892725,8.2639532
2.54025587892725,8.3304272
2.55271417892725,8.2146749
2.57066397892725,8.1614475
2.57826307892725,8.0711174
2.59413587892725,7.9905243
2.60776977892725,7.8318715
2.61581667892725,7.8423991
2.62971927892725,7.5489058
2.64297727892725,7.6083465
2.65321497892725,7.5226574
2.66656857892725,7.4450893
2.67746267892725,7.3670669
2.69407537892725,7.3174238
2.70573977892725,7.0780439
2.71755317892725,7.2232561
2.73333027892725,7.0338326
2.74274407892725,7.1007757
2.75480827892725,7.0724263
2.76523067892725,6.9160237
2.78226147892725,6.9238844
2.78997407892725,6.8080945
2.80368577892725,6.7630486
2.81721237892725,6.6795645
2.83418327892725,6.6225452
2.84101227892725,6.5752416
2.85471807892725,6.462924
2.86507497892725,6.3087716
2.88268477892725,6.3226819
2.89042717892725,6.2943025
2.90352397892725,6.2494574
2.92070397892725,6.0942469
2.93220097892725,5.9800444
2.94338757892725,6.0375032
2.95453837892725,6.0008316
2.96271047892725,5.9128923
2.98140077892725,5.8722944
2.99059377892725,5.8090239
3.00299197892725,5.7346821
3.01837517892725,5.6865888
3.02857687892725,5.600862
3.03963237892725,5.5529027
3.05399467892725,5.4904075
3.06742577892725,5.3032188
3.07954957892725,5.3643064
3.09172727892725,5.3387208
3.10955197892725,5.284533
3.12199217892725,5.1926746
3.12941797892725,5.0725789
3.13836627892725,5.0785093
3.15250167892725,5.0990434
3.16968757892725,5.0991697
3.17685087892725,5.0363317
3.19283107892725,4.8952699
3.20300297892725,4.9204679
3.21630867892725,4.8092456
3.23105917892725,4.8295336
3.23563157892725,4.670754
3.25529487892725,4.6628194
3.26863657892725,4.5715275
3.28085567892725,4.6046824
3.28916527892725,4.5620723
3.30553917892725,4.5080557
3.31569917892725,4.4420958
3.32785897892725,4.516408
3.34341507892725,4.4771285
3.35597477892725,4.361063
3.36178907892725,4.3307095
3.38303997892725,4.2847915
3.39114047892725,4.3174849
3.39884697892725,4.2721109
3.41627177892725,4.2256041
3.43218027892725,4.244864
3.44080597892725,4.1257963
3.45858887892725,4.2016878
3.46819357892725,4.1674299
3.47597177892725,4.1025729
3.48883587892725,4.0497704
3.50423077892725,4.0984077
3.51619937892725,4.0295572
3.53354647892725,3.9591267
3.54174857892725,3.9732978
3.55514387892725,3.914021
3.56986437892725,3.9540231
3.58171967892725,3.8583426
3.58776077892725,3.8067029
3.60349017892725,3.7983656
3.61085037892725,3.6681817
3.62844207892725,3.6670043
3.63980797892725,3.618367
3.65089897892725,3.6288052
3.66872367892725,3.6205277
3.68036397892725,3.5346076
3.68787967892725,3.4473016
3.70141827892725,3.5334377
3.71879507892725,3.4942553
3.73191577892725,3.4681559
3.74198607892725,3.4367294
3.75764997892725,3.3341198
3.76681287892725,3.3930168
3.78102617892725,3.28321
3.79843287892725,3.254719
3.79901797892725,3.2391996
3.82290157892725,3.1921268
3.83173617892725,3.1770916
3.84524497892725,3.2194405
3.85673597892725,3.1074657
3.87035827892725,3.1522365
3.88026147892725,3.1274109
3.89342977892725,3.0945392
3.91051417892725,3.0481889
3.91747457892725,3.0528455
3.92820147892725,3.0145049
3.93756757892725,2.9600859
3.95341047892725,2.9267595
3.96948037892725,2.8705597
3.98076807892725,2.8339252
3.99544697892725,2.7815924
4.00647237892725,2.813138
4.02135397892725,2.7759597
4.03156787892725,2.7453527
4.04671837892725,2.2670999
4.05169657892725,2.345793
4.06853037892725,2.3700447
4.07614117892725,2.3915694
4.08856947892725,2.4327338
4.10190517892725,2.4048462
4.11598137892725,2.4592652
4.12898237892725,2.4987533
4.13976317892725,2.4634526
4.15140947892725,2.4435968
4.16718087892725,2.4345517
4.17559177892725,2.4851413
4.19080147892725,2.4600997
4.20377327892725,2.4370477
4.21164067892725,2.407536
4.22723897892725,2.3740158
4.24527247892725,2.3615136
4.25484737892725,2.4065673
4.26613547892725,2.355747
4.28082017892725,2.3114011
4.28412757892725,2.2480636
4.30540207892725,2.3478866
4.31712037892725,2.3131371
4.32973937892725,2.2642314
4.34575537892725,2.2621007
4.35542567892725,2.2233427
4.36140137892725,2.23279
4.37596067892725,2.2236183
4.38780387892725,2.1536276
4.40630327892725,2.1135659
4.41877917892725,2.1648929
4.42665897892725,2.0960569
4.43699197892725,2.1067932
4.45181967892725,2.0998194
4.46386607892725,2.0356402
4.48312317892725,2.0072386
4.48914657892725,2.037868
4.50317457892725,1.994282
4.51741157892725,2.0206645
4.53179767892725,1.9982085
4.53816107892725,1.9122734
4.55846287892725,1.9327998
4.56551917892725,1.9568131
4.57182867892725,1.8570349
4.58998137892725,1.9364581
4.60189037892725,1.9236803
4.61753017892725,1.9109473
4.62884837892725,1.9227713
4.63794597892725,1.8746183
4.64624337892725,1.8086582
4.66478997892725,1.8873289
4.68060287892725,1.8396451
4.69365817892725,1.802206
4.70579987892725,1.7669052
4.71806127892725,1.760237
4.72892557892725,1.7277598
4.74340707892725,1.7236843
4.75425367892725,1.6903355
4.76791747892725,1.6483963
4.77738507892725,1.6010702
4.79153237892725,1.6205311
4.80352477892725,1.6103089
4.81244307892725,1.5538335
4.82614307892725,1.5410111
4.84254677892725,1.5681908
4.84643297892725,-0.049702823
4.86373837892725,-0.029310584
4.88094837892725,-8.1956387e-05
4.89089327892725,-0.015296042
4.90365587892725,0.005312264
4.91095617892725,-0.038839877
4.92733647892725,-0.0043287873
4.94214037892725,-0.001013279
