0,0
0.0102005449353644,0.449442499507962
0.0204010898707289,0.898884999015924
0.0306016348060933,1.34832749852389
0.0408021797414577,1.79776999803185
0.0510027246768222,2.24721249753981
0.0612032696121866,2.69665499704777
0.071403814547551,3.14609749655573
0.0820117655502271,3.7253723
0.0963263855502271,4.2541547
0.106731065550227,4.8109293
0.121159095550227,5.3194838
0.132483055550227,5.8377686
0.146714105550227,6.2889757
0.159040935550227,6.8794413
0.168866565550227,7.3746519
0.184100465550227,7.951416
0.195776625550227,8.5270996
0.208807845550227,9.1221113
0.220633225550227,9.5915051
0.232160135550227,10.260783
0.245089875550227,10.827437
0.258753825550227,11.317142
0.270901545550227,11.964053
0.282476235550227,11.972383
0.295853665550227,13.131231
0.307935735550227,13.616361
0.321026645550227,14.2086
0.333448965550227,14.834754
0.346372715550227,15.366875
0.357619065550227,15.831806
0.371694915550227,16.548634
0.383794895550227,16.777895
0.396557465550227,17.556452
0.407320305550227,18.133781
0.421336465550227,18.655777
0.431185975550227,19.151255
0.446115455550227,19.678265
0.456567905550227,20.16931
0.469002145550227,20.592958
0.482140795550227,21.137745
0.496252495550227,21.36957
0.507110795550227,21.92244
0.520321085550227,22.549868
0.535089395550227,22.97271
0.545267245550227,23.077801
0.558089515550227,23.838766
0.570750615550227,24.223104
0.583859405550227,24.502716
0.596174315550227,24.673485
0.609229405550227,25.068634
0.619902685550227,25.381453
0.635076895550227,25.513075
0.644198135550227,25.975189
0.658817195550227,26.284613
0.671926035550227,26.589222
0.684133425550227,26.883579
0.696705005550227,27.128271
0.709461585550227,27.432568
0.721639175550227,27.700193
0.733649625550227,27.795038
0.745337745550227,28.182135
0.759270325550227,28.30097
0.770468905550227,28.440222
0.782037635550227,28.562828
0.795629935550227,28.655186
0.809789375550227,28.652594
0.820570125550227,28.597355
0.833338635550227,28.561562
0.846614615550227,28.613642
0.859586135550227,28.403728
0.870259425550227,27.728855
0.881690815550227,27.220882
0.896154665550227,27.18936
0.907066725550227,26.984825
0.919405475550227,26.752644
0.933170935550227,26.463934
0.945073935550227,25.986589
0.958833335550227,25.58054
0.970240935550227,25.031887
0.982985635550227,24.656019
0.996637635550227,24.332813
1.00682733555023,23.742132
1.01951843555023,23.06316
1.03275853555023,22.189476
1.04724023555023,21.166243
1.06001473555023,19.854984
1.07124913555023,18.773907
1.08442363555023,18.132061
1.09658933555023,17.447538
1.10858773555023,16.87631
1.12092053555023,16.254507
1.13271013555023,15.787736
1.14728143555023,15.391178
1.16081403555023,14.563039
1.17037703555023,14.557176
1.18160543555023,14.251083
1.19586643555023,13.887465
1.20862903555023,13.563536
1.21973203555023,13.237223
1.23329463555023,12.910456
1.24583033555023,12.67697
1.25809743555023,12.38513
1.27456703555023,11.956803
1.28230333555023,11.650376
1.29219463555023,11.40099
1.30804353555023,11.148312
1.32008973555023,10.88775
1.33217183555023,10.635778
1.34545963555023,10.357283
1.35776853555023,10.201857
1.37094903555023,9.9304838
1.38294153555023,9.7319632
1.39446243555023,9.5903425
1.40722503555023,9.3411732
1.42201723555023,9.0743303
1.43372923555023,8.8828058
1.44600823555023,8.6706657
1.45887833555023,8.4781427
1.46560583555023,8.2494469
1.48191413555023,8.041851
1.49578123555023,7.8867002
1.50807213555023,7.666163
1.52054823555023,7.5172186
1.53149013555023,7.3167758
1.54723743555023,7.1216898
1.55866873555023,6.9668589
1.57208803555023,6.8322344
1.58313743555023,6.7338123
1.59538663555023,6.5897331
1.60874603555023,6.4556303
1.62148473555023,6.3595996
1.63309523555023,6.2884388
1.64453863555023,6.1812997
1.65928303555023,6.0725436
1.67125163555023,6.0241446
1.68462913555023,5.9235692
1.69505173555023,5.8384314
1.70817843555023,5.7439952
1.72123353555023,5.6702418
1.73374533555023,5.5638256
1.74626923555023,5.31774
1.75850643555023,5.3386765
1.77071993555023,5.1152854
1.78472413555023,5.0392375
1.79449003555023,4.9416795
1.80359343555023,4.8248692
1.81988983555023,4.7845917
1.83267633555023,4.6946855
1.84660293555023,4.637599
1.85787913555023,4.5648441
1.87176393555023,4.4752283
1.88075983555023,4.3367372
1.89737873555023,4.324451
1.91016513555023,4.3232517
1.92071903555023,4.2710381
1.93382193555023,4.2372942
1.94665603555023,4.1721015
1.96023653555023,4.1043386
1.97140533555023,4.059598
1.97883103555023,3.9839075
1.99373083555023,3.891103
2.00701263555023,3.8484483
2.01935743555023,3.7743449
2.03415563555023,3.6755948
2.04604053555023,3.6322923
2.05684523555023,3.5889597
2.07024053555023,3.5383999
2.08306883555023,3.4934058
2.09602833555023,3.4363122
2.10750153555023,3.3802538
2.12034183555023,3.3320336
2.13212543555023,3.3025594
2.14781903555023,3.2344685
2.15699983555023,3.2356679
2.17138033555023,3.2221527
2.18345623555023,3.1664519
2.19414163555023,3.1188056
2.20859343555023,3.1565876
2.21963093555023,3.109798
2.22991613555023,3.0582547
2.24460673555023,3.0726342
2.25722623555023,3.0332878
2.27035283555023,3.0224249
2.28462583555023,2.9951186
2.29604503555023,2.8481185
2.30837803555023,2.7885437
2.31900363555023,2.7601123
2.33370613555023,2.6970208
2.34764483555023,2.6611538
2.35814473555023,2.6419833
2.37216113555023,2.6223958
2.38481623555023,2.6028826
2.39478513555023,2.5940089
2.40680143555023,2.5364981
2.42045953555023,2.5163665
2.43369363555023,2.471745
2.44671303555023,2.4519637
2.45871733555023,2.428174
2.46996383555023,2.4166033
2.48349053555023,2.3822336
2.49671863555023,2.3591146
2.51091983555023,2.3447499
2.52328853555023,2.3313835
2.53186033555023,2.2936316
2.54442003555023,2.2905469
2.55781533555023,2.2420735
2.57016613555023,2.2184775
2.58113793555023,2.1733494
2.59573313555023,2.1605566
2.60949253555023,2.1280274
2.62097763555023,2.1249428
2.63306573555023,2.063334
2.64640143555023,2.035223
2.65810133555023,1.9943863
2.67092373555023,1.9809455
2.68223573555023,1.9577742
2.69717123555023,1.9417629
2.70807723555023,1.9188225
2.72043393555023,1.8976555
2.73159673555023,1.8690526
2.74623963555023,1.798384
2.75770093555023,1.8174722
2.76918603555023,1.8030703
2.78567933555023,1.767993
2.79513503555023,1.7389208
2.80743193555023,1.6676337
2.82153183555023,1.6354249
2.83217503555023,1.6203672
2.84363033555023,1.6077906
2.85870313555023,1.6079321
2.87008073555023,1.5522689
2.88355973555023,1.5716181
2.89638213555023,1.5297383
2.90954453555023,1.519166
2.92054603555023,1.4994516
2.93434143555023,1.4838576
2.94754573555023,1.4399662
2.95898913555023,1.4377534
2.97157863555023,1.4012232
2.98462773555023,1.3951435
2.99665593555023,1.3738573
3.00906043555023,1.3572648
3.01942923555023,1.3055577
3.03499153555023,1.2746527
3.04851223555023,1.2072772
3.05799173555023,1.2282953
3.06994843555023,1.1749566
3.08330803555023,1.1766702
3.09614803555023,1.1838303
3.11138803555023,1.1397153
3.11992433555023,1.1674911
3.13365983555023,1.145497
3.14486433555023,1.147516
3.15785383555023,1.1172295
3.17162513555023,1.0873675
3.18319993555023,1.0579973
3.19470283555023,1.056917
3.20883843555023,1.0558516
3.22179203555023,1.0422319
3.23292493555023,1.0427012
3.24504873555023,1.011081
3.25760243555023,0.97791851
3.27092033555023,0.97837299
3.28478123555023,0.97153336
3.29610513555023,0.97243488
3.30960203555023,0.95429271
3.32000663555023,0.95152855
3.33392123555023,0.92108548
3.34406923555023,0.94074756
3.35797813555023,0.92037767
3.37095553555023,0.90871751
3.38381963555023,0.90637058
3.39470773555023,0.91370195
3.40852093555023,0.87385625
3.42112833555023,0.88233501
3.43205833555023,0.84341317
3.44571643555023,0.85750222
3.45826983555023,0.85311383
3.47201153555023,0.83964318
3.48196243555023,0.8623451
3.49854543555023,0.84310025
3.50849053555023,0.82549453
3.52054263555023,0.81329048
3.53095343555023,0.82984567
3.54587103555023,0.80192089
3.55843043555023,0.79509616
3.56985003555023,0.77096373
3.58327513555023,0.74353069
3.59606173555023,0.74276328
3.60716463555023,0.74995309
3.62152123555023,0.73075294
3.63173483555023,0.72427094
3.64750003555023,0.71702898
3.65773753555023,0.70077926
3.67064933555023,0.71282685
3.68248653555023,0.68999082
3.69569683555023,0.71002543
3.70953393555023,0.66815317
3.71946713555023,0.6858632
3.73411013555023,0.67555904
3.74705773555023,0.62796474
3.75964123555023,0.6492883
3.77015923555023,0.63100457
3.78502893555023,0.66732615
3.79682473555023,0.63109398
3.80802923555023,0.62120706
3.81990223555023,0.61010569
3.83501673555023,0.60994178
3.84584523555023,0.59042126
3.85860183555023,0.58763474
3.87019443555023,0.58782101
3.88323163555023,0.56561083
3.89672253555023,0.57499856
3.90605263555023,0.57269633
3.92061803555023,0.55672228
3.93291503555023,0.57157129
3.94493753555023,0.54686517
3.95915633555023,0.5857572
3.97047453555023,0.54243207
3.98083763555023,0.51815808
3.99497863555023,0.54839253
4.00720433555023,0.54690242
4.02085043555023,0.5190745
4.03296213555023,0.52699447
4.04699633555023,0.50411373
4.05877993555023,0.50413609
4.06938153555023,0.49237162
4.08503323555023,0.45055896
4.09647683555023,0.46529621
4.10764533555023,0.46879798
4.11991863555023,0.48044324
4.13327813555023,0.48070401
4.14694193555023,0.4606694
4.15847473555023,0.44164807
4.17158393555023,0.43213367
4.18165993555023,0.46595186
4.19567613555023,0.44105947
4.20849253555023,0.43984503
4.22024613555023,0.44933707
4.23488933555023,0.41488558
4.24704293555023,0.43052435
4.25892803555023,0.42913854
4.27095053555023,0.41426718
4.28487083555023,0.41298568
4.29648143555023,0.41747093
4.30988293555023,0.39399415
4.32185723555023,0.41273236
4.33213073555023,0.41712075
4.34523373555023,0.40432811
4.36018683555023,0.3817901
4.37143923555023,0.38895756
4.38309173555023,0.3997609
4.39626623555023,0.39225072
4.40858673555023,0.3959313
4.42074653555023,0.38262457
4.43325833555023,0.38353354
4.44523313555023,0.3888905
4.45772103555023,0.38918108
4.47029233555023,0.36212802
4.48196863555023,0.35897642
4.49469543555023,0.34618378
4.50835353555023,0.34222007
4.51934313555023,0.3721565
4.53137133555023,0.36827475
4.54600263555023,0.38209558
4.55929023555023,0.32889843
4.56997563555023,0.3368482
4.58285163555023,0.3406927
4.59635423555023,0.33915043
4.60852603555023,0.34818798
4.62145593555023,0.32177567
4.63223623555023,0.3605783
4.64624053555023,0.3355369
4.65726643555023,0.32828748
4.67122243555023,0.32485276
4.68089893555023,0.32979995
4.69441963555023,0.33438206
4.70857933555023,0.33545494
4.71984363555023,0.34685433
4.73188373555023,0.30653924
4.74595953555023,0.32283366
4.75911593555023,0.32643229
4.77260713555023,0.3099367
4.78353713555023,0.30558556
4.79615623555023,0.30965358
4.80674583555023,0.29636174
4.82047583555023,0.30823052
4.83203813555023,0.28664619
4.84594703555023,0.26649982
4.85884123555023,0.2894327
4.86837413555023,0.25987625
4.88320803555023,0.26324391
4.89521863555023,0.2804473
4.90885853555023,0.27088076
4.92191963555023,0.2605617
