0,-4.44089209850063e-16
0.010356037611158,0.474639275273686
0.020712075222316,0.949278550547373
0.031068112833474,1.42391782582106
0.0414241504446319,1.89855710109475
0.0517801880557899,2.37319637636843
0.0621362256669479,2.84783565164212
0.0724922632781059,3.32247492691581
0.0858100872933346,3.9560795
0.0983219572933346,4.4360456
0.110004077293335,4.9742012
0.124175437293335,5.2165389
0.131792387293335,6.0261192
0.147563557293335,6.7326798
0.160278377293335,6.7668333
0.174210957293335,7.8419151
0.184914107293335,8.4154387
0.198184097293335,9.0076475
0.210719817293335,9.4918833
0.222384027293335,10.1844
0.236006227293335,10.668613
0.247837567293335,11.258491
0.260689697293335,11.911928
0.273810437293335,12.504622
0.286220847293335,13.064802
0.297431377293335,13.604656
0.310122307293335,14.132664
0.321822337293335,14.726862
0.335444537293335,15.2549
0.348577197293335,15.864589
0.359584807293335,16.369864
0.370980377293335,16.859949
0.385127867293335,17.531425
0.396535397293335,18.015423
0.409739697293335,18.612698
0.419989167293335,18.587679
0.434781367293335,19.643173
0.448039407293335,20.186506
0.459727457293335,20.64962
0.472722887293335,21.15222
0.485652617293335,21.640844
0.496916887293335,22.091963
0.510431587293335,22.608585
0.523534417293335,23.013197
0.536458187293335,23.513071
0.547752317293335,23.931414
0.559649287293335,24.293177
0.571468707293335,24.72917
0.585628147293335,25.142462
0.598223567293335,25.023417
0.610048947293335,25.981516
0.624709837293335,25.697887
0.634738437293335,26.446566
0.648688907293335,26.146643
0.661773857293335,26.900038
0.671420387293335,26.979477
0.684039707293335,27.097902
0.694814497293335,27.07234
0.711134847293335,27.298733
0.726261317293335,27.167521
0.735913807293335,27.359537
0.747201977293335,27.203299
0.758257327293335,26.236057
0.773079327293335,26.568279
0.785519537293335,25.972359
0.796956947293335,25.446474
0.809259887293335,25.041624
0.821980647293335,24.82456
0.830337817293335,24.202965
0.847601347293335,23.928896
0.860883287293335,23.369461
0.873263827293335,23.081839
0.885184697293335,22.570766
0.897439897293335,21.992147
0.909623437293335,21.658131
0.922183097293335,21.274656
0.934581497293335,20.890146
0.947606697293335,20.523607
0.961222897293335,19.932732
0.973269197293334,19.420527
0.984778197293335,18.985338
0.998018297293335,18.407137
1.01079889729333,17.77216
1.02607459729333,17.20298
1.03646129729333,16.512617
1.04656749729333,15.757486
1.06118659729333,15.206769
1.07439079729333,14.702991
1.08453289729333,14.126852
1.09644179729333,13.5995
1.11240399729333,13.301767
1.12410409729333,12.939281
1.13499829729333,12.664281
1.14786229729333,12.40164
1.15938919729333,12.108907
1.17266519729333,11.889399
1.18592909729333,11.582732
1.19786789729333,11.386045
1.21052899729333,11.170604
1.22702849729333,10.969303
1.23829279729333,10.717742
1.24711559729333,10.805875
1.26033179729333,10.684371
1.27188859729333,10.479689
1.28484219729333,10.345764
1.29761669729333,10.224685
1.31116119729333,10.099046
1.32430579729333,9.9068508
1.33420319729333,9.8437672
1.34580759729333,9.5447674
1.36110129729333,9.5124989
1.36784669729333,9.2324238
1.38485349729333,9.1907759
1.39511499729333,9.02985
1.40861769729333,8.8289232
1.42270549729333,8.6613674
1.43500849729333,8.5392075
1.44957379729333,8.3818359
1.46336909729333,8.136198
1.47100989729333,8.0976267
1.48356959729333,7.9535098
1.49858249729333,7.8728051
1.51029449729333,7.7110381
1.52348099729333,7.5782089
1.53758659729333,7.4514599
1.54868979729333,7.4245853
1.56134489729333,7.3042212
1.57136759729333,7.1703792
1.58682229729333,6.9815068
1.59759709729333,6.8777723
1.61176839729333,6.9404392
1.62279989729333,6.8957658
1.63396269729333,6.7715049
1.64680879729333,6.7050605
1.66106969729333,6.6203327
1.67290109729333,6.5069718
1.68657109729333,6.4010172
1.69822929729333,6.3452721
1.71197089729333,6.2434301
1.72333059729333,6.1383843
1.73477989729333,6.0606823
1.74907069729333,5.8549347
1.75600119729333,5.8271737
1.77127079729333,5.8189483
1.78542429729333,5.7456789
1.79590059729333,5.6831017
1.81223889729333,5.6300387
1.82341949729333,5.5324435
1.83027849729333,5.4740682
1.84681359729333,5.3386316
1.86049549729333,5.3505821
1.87234479729333,5.2794294
1.88471339729333,5.2194891
1.89914739729333,5.1304474
1.91133699729333,5.0594358
1.92269069729333,4.973382
1.93653369729333,4.9284992
1.94628769729333,4.8268809
1.95977859729333,4.7371387
1.97438579729333,4.6956835
1.98344139729333,4.6384482
1.99818569729333,4.5912786
2.01065589729333,4.5190825
2.02326919729333,4.4495387
2.03339319729333,4.3812842
2.04714089729333,4.3259859
2.05962279729333,4.176609
2.07344799729333,4.1809978
2.08508239729333,4.109107
2.09714059729333,4.0563049
2.11142519729333,4.0076151
2.12198529729333,3.9393158
2.13466409729333,3.9106383
2.14762979729333,3.8568749
2.15918049729333,3.7798061
2.17228349729333,3.7190914
2.18421629729333,3.6764293
2.19706829729333,3.6230161
2.21070839729333,3.5837517
2.22360829729333,3.5381615
2.23832879729333,3.4465046
2.24596959729333,3.4629555
2.25607589729333,3.4069717
2.27368549729333,3.3604131
2.28388719729333,3.2884703
2.29685289729333,3.247261
2.31043319729333,3.220968
2.32367929729333,3.1704381
2.33561809729333,3.128685
2.34783149729333,3.0793846
2.36079099729333,3.0429511
2.37338049729333,3.009841
2.38610129729333,2.9660091
2.39834459729333,2.9010475
2.40948349729333,2.9091387
2.42313559729333,2.8766468
2.43459679729333,2.8263478
2.44745499729333,2.7848482
2.46125009729333,2.7581081
2.47404269729333,2.746366
2.48427419729333,2.7143061
2.49667859729333,2.6798396
2.51079609729333,2.660975
2.52263359729333,2.6345253
2.53649459729333,2.5983677
2.54619479729333,2.5710835
2.56013329729333,2.5503488
2.57331969729333,2.4897754
2.58484679729333,2.4761558
2.59631999729333,2.445385
2.60976889729333,2.3979917
2.62349249729333,2.3597107
2.63572979729333,2.32476
2.64787159729333,2.3030267
2.66176249729333,2.2470429
2.67142089729333,2.2282972
2.68575939729333,2.2060127
2.69891599729333,2.1698847
2.71146369729333,2.1484346
2.72179679729333,2.1091552
2.73493529729333,2.096869
2.74646219729333,2.091013
2.76041869729333,2.0745919
2.77257829729333,2.0494237
2.78594379729333,2.0402148
2.79753639729333,2.0161495
2.81014969729333,2.0074472
2.82322889729333,1.9778907
2.83600929729333,1.95463
2.84720189729333,1.9285157
2.86162409729333,1.8822923
2.87376579729333,1.863785
2.88504199729333,1.8256233
2.89923129729333,1.8218905
2.91056709729333,1.7939284
2.92173579729333,1.7838552
2.93412829729333,1.7545297
2.94986969729333,1.726918
2.95446019729333,1.7088205
2.97348459729333,1.7011315
2.98805599729333,1.6697794
2.99811439729333,1.6596839
3.01119929729333,1.6308055
3.02232029729333,1.6215966
3.03718409729333,1.6059577
3.04745159729333,1.5771836
3.05891879729333,1.5643239
3.07272579729333,1.5524552
3.08601389729333,1.5227571
3.09522469729333,1.4845431
3.10896619729333,1.4416277
3.12362099729333,1.4642477
3.13678369729333,1.4547557
3.14608989729333,1.4249609
3.15808229729333,1.4059991
3.17226579729333,1.4036522
3.18483119729333,1.3693422
3.19650159729333,1.3471693
3.20948489729333,1.3197362
3.22232509729333,1.2939796
3.23287299729333,1.2499764
3.24844129729333,1.221776
3.25922799729333,1.2038648
3.27254559729333,1.177542
3.28483059729333,1.1610091
3.29860219729333,1.1376069
3.31070809729333,1.1269301
3.32320199729333,1.1157618
3.33628709729333,1.0679215
3.34915689729333,1.0762811
3.36117339729333,1.057364
3.37050969729333,1.0399818
3.38342149729333,1.0216758
3.39777789729333,1.0143965
3.40938839729333,0.97412616
3.42123749729333,0.96772611
3.43500309729333,0.95649809
3.44811779729333,0.94018877
3.45960889729333,0.91234595
3.47167309729333,0.88689476
3.48662639729333,0.88157505
3.49916819729333,0.82449615
3.50876099729333,0.83615631
3.52152349729333,0.82615018
3.53411299729333,0.8315742
3.54812909729333,0.80099702
3.56053949729333,0.78656524
3.57276489729333,0.77706575
3.58685859729333,0.76962262
3.59850479729333,0.74857473
3.61185249729333,0.73841214
3.62382109729333,0.71612
3.63573009729333,0.72337687
3.64839729729333,0.71401894
3.65891529729333,0.7199496
3.67499099729333,0.69219619
3.68621929729333,0.6904006
3.69787749729333,0.6673485
3.71036559729333,0.64966828
3.72291329729333,0.65424293
3.73468499729333,0.64604729
3.74828919729333,0.62551349
3.75973249729333,0.63056499
3.77205929729333,0.61364472
3.78397419729333,0.61090291
3.79805019729333,0.59130788
3.81037099729333,0.58491528
3.82368279729333,0.57840347
3.83513189729333,0.56213886
3.84792449729333,0.5523935
3.85878279729333,0.54789335
3.87230949729333,0.53341687
3.88648089729333,0.52620471
3.89708239729333,0.5017221
3.91195829729333,0.50760806
3.92281659729333,0.48683584
3.93526869729333,0.48038363
3.94650919729333,0.45832247
3.95880009729333,0.45284629
3.97221359729333,0.44227391
3.98522069729333,0.43670833
3.99838909729333,0.43871999
4.01014879729333,0.41373819
4.02263099729333,0.4138276
4.03433109729333,0.38930029
4.04661589729333,0.40347874
4.05903229729333,0.3676489
4.07262449729333,0.3843829
4.08478429729333,0.3831014
4.09857349729333,0.38362294
4.11041719729333,0.36006421
4.12310769729333,0.35868585
4.13564949729333,0.35021454
4.14804819729333,0.3150627
4.16069729729333,0.33502281
4.17303589729333,0.31600147
4.18539889729333,0.29631704
4.19814949729333,0.29895455
4.21057779729333,0.29341131
4.22366839729333,0.28920174
4.23358369729333,0.27278811
4.24628049729333,0.26662648
4.26050549729333,0.26065856
4.27230099729333,0.24347007
4.28426389729333,0.24498999
4.29584439729333,0.25754422
4.31143649729333,0.23757666
4.32151869729333,0.22575259
4.33496219729333,0.22831559
4.34835749729333,0.23292005
4.35873199729333,0.21990389
4.37169769729333,0.22616237
4.38601859729333,0.2168566
4.39903149729333,0.20898879
4.40984799729333,0.20579994
4.42381649729333,0.21487474
4.43518809729333,0.21718442
4.45085219729333,0.21360815
4.46164449729333,0.19316375
4.47329689729333,0.20097941
4.48506859729333,0.17685443
4.49647029729333,0.19790977
4.50959089729333,0.17891824
4.52416829729333,0.18209219
4.53475219729333,0.17251074
4.54680419729333,0.16504526
4.56149509729333,0.15769154
4.57169659729333,0.13892353
4.58490119729333,0.14271587
4.59796219729333,0.13395399
4.61132129729333,0.11635572
4.62277679729333,0.11391938
4.63568859729333,0.10669976
4.64842729729333,0.11128187
4.65936929729333,0.11748075
4.67334969729333,0.099629164
4.68451239729333,0.090837479
4.69839699729333,0.085614622
4.71004329729333,0.092625618
4.72349859729333,0.075675547
4.73438049729333,0.073477626
4.74726279729333,0.076167285
4.76081929729333,0.048168004
4.77204779729333,0.062420964
4.78512649729333,0.068284571
4.79831299729333,0.041544437
4.81093819729333,0.052511692
4.82257249729333,0.047445297
4.83490539729333,0.038340688
4.84675479729333,0.040508807
4.86292009729333,0.02823025
4.87318119729333,0.028677285
4.88487509729333,0.049591064
4.90132699729333,0.032685697
4.91262699729333,0.032819808
