0,8.88178419700125e-16
0.0111844149349875,0.523437095736521
0.0223688298699751,1.04687419147304
0.0335532448049626,1.57031128720956
0.0447376597399501,2.09374838294608
0.0559220746749376,2.6171854786826
0.0671064896099252,3.14062257441912
0.0782909045449127,3.66405967015564
0.0896010234379105,4.2879434
0.10172487343791,4.8113389
0.112541433437911,5.2959695
0.12749477343791,5.9240832
0.13731446343791,6.5107121
0.15155744343791,7.0839672
0.16457670343791,7.6233296
0.17607974343791,8.1991034
0.190531663437911,8.8465509
0.20176013343791,9.4429626
0.21291693343791,9.9782124
0.22803744343791,10.619596
0.23874655343791,11.14729
0.25139569343791,11.797301
0.26587748343791,12.34977
0.27766108343791,12.973137
0.28943273343791,13.512358
0.30214756343791,14.116272
0.31388342343791,14.699512
0.32813238343791,15.307114
0.33813708343791,15.850253
0.35077431343791,16.267202
0.36639025343791,17.065643
0.379982613437911,17.606899
0.391061803437911,18.207506
0.40202763343791,18.768721
0.414330563437911,19.268602
0.427863203437911,19.755743
0.43774851343791,20.319349
0.45340624343791,20.829947
0.46295728343791,21.345518
0.476215323437911,21.870098
0.49029120343791,22.36627
0.50249859343791,22.845299
0.51404943343791,23.245066
0.52662095343791,23.754545
0.53929999343791,24.145857
0.55207451343791,24.514757
0.56395956343791,24.818697
0.577784743437911,25.073685
0.58949669343791,25.311642
0.602181693437911,25.686987
0.615505363437911,26.038729
0.62872162343791,26.283115
0.640350013437911,26.381172
0.650963633437911,26.593477
0.66409632343791,26.7421
0.67882284343791,26.790024
0.68953790343791,26.796364
0.70239004343791,26.885443
0.714591473437911,26.786261
0.72676905343791,26.817204
0.739836063437911,26.890711
0.75221064343791,26.913361
0.76430466343791,26.803434
0.778774523437911,26.575714
0.78942986343791,26.580624
0.804538453437911,26.315712
0.813480583437911,25.886946
0.825837283437911,25.562763
0.839877273437911,25.245346
0.851959373437911,24.729378
0.865909883437911,24.357534
0.876744283437911,23.703857
0.88711328343791,22.846706
0.90178598343791,22.30537
0.911856283437911,21.651573
0.92655308343791,20.043678
0.94057518343791,17.143175
0.953904783437911,15.673675
0.96355738343791,15.187606
0.97594378343791,14.646791
0.98890938343791,14.197848
1.00231068343791,13.674028
1.01427938343791,12.954489
1.02703598343791,12.394913
1.03874788343791,12.06734
1.05134928343791,11.758738
1.06511478343791,11.391937
1.07706548343791,11.136063
1.08982818343791,10.818966
1.10260858343791,10.57531
1.11368778343791,10.303877
1.12689808343791,10.055408
1.13985168343791,9.8971205
1.15127108343791,9.6773729
1.16449938343791,9.3686285
1.17628298343791,9.2082319
1.18859188343791,8.9192095
1.20164098343791,8.69067
1.21639728343791,8.3891897
1.22588878343791,8.1863403
1.23847228343791,8.0375223
1.25254798343791,7.8349409
1.26307218343791,7.6873007
1.27696888343791,7.5358005
1.29041798343791,7.4094162
1.30198068343791,7.2825103
1.31633118343791,7.1666985
1.32758938343791,7.0036573
1.34014908343791,6.8592877
1.35285188343791,6.7163033
1.36507728343791,6.5878553
1.37758318343791,6.4773932
1.38588058343791,6.3249769
1.40069068343791,6.248735
1.41437858343791,6.1279984
1.42640688343791,6.0234442
1.43879348343791,5.9232488
1.45202158343791,5.8104916
1.46314268343791,5.7324915
1.47616188343791,5.631566
1.49208228343791,5.5453105
1.50090508343791,5.4626689
1.51517188343791,5.3584723
1.52651978343791,5.2581282
1.53844658343791,5.2126498
1.55131668343791,5.1403942
1.56457478343791,5.051188
1.57801178343791,4.9982967
1.58993868343791,4.8565493
1.60329228343791,4.7535448
1.61505798343791,4.6420693
1.62586848343791,4.4449048
1.63901318343791,3.7400053
1.65009838343791,3.6026909
1.66357718343791,3.4695268
1.67807688343791,3.3985825
1.69000378343791,3.2806323
1.70029498343791,3.2315254
1.71552898343791,3.1931102
1.72783778343791,3.1467154
1.73932898343791,3.1063483
1.75102298343791,3.0299277
1.76389298343791,3.0123219
1.77626758343791,2.931185
1.79005098343791,2.8918533
1.80199578343791,2.8609037
1.81579698343791,2.8124526
1.82724038343791,2.759166
1.83988958343791,2.7291627
1.85147608343791,2.6726797
1.86253128343791,2.6502757
1.87710278343791,2.6354566
1.88957868343791,2.5948138
1.90139238343791,2.5881455
1.91387428343791,2.5588498
1.92723978343791,2.533555
1.94095148343791,2.512604
1.95438848343791,2.469398
1.96340838343791,2.4490879
1.97488158343791,2.4132729
1.98846188343791,2.382256
2.00280038343791,2.3423882
2.01410048343791,2.3117959
2.02473198343791,2.2652819
2.04115378343791,2.2131801
2.05263888343791,2.1942034
2.06470308343791,2.1602287
2.07724488343791,2.1288023
2.08950608343791,2.0907521
2.10142098343791,2.075635
2.11508498343791,2.0409079
2.12630138343791,2.0263269
2.13981618343791,1.9807369
2.15294278343791,1.9528866
2.16578308343791,1.913868
2.17726218343791,1.8714517
2.19078288343791,1.848653
2.20010698343791,1.8350333
2.21520368343791,1.7988235
2.22652168343791,1.7793701
2.23970808343791,1.7296598
2.25111568343791,1.6908944
2.26400958343791,1.6658678
2.27725568343791,1.6398356
2.29013168343791,1.6127229
2.30235708343791,1.6058757
2.31425398343791,1.5975163
2.32705248343791,1.5892909
2.34075818343791,1.5674084
2.35402218343791,1.5467181
2.36359708343791,1.5534908
2.37734478343791,1.5205145
2.38918798343791,1.5126616
2.40156258343791,1.5013218
2.41397898343791,1.4663339
2.42682498343791,1.4523268
2.43945038343791,1.434587
2.45087568343791,1.4124885
2.46471868343791,1.3974905
2.47621578343791,1.3788044
2.48990358343791,1.3611913
2.50246918343791,1.339592
2.51603188343791,1.3432279
2.52848398343791,1.3039634
2.54093018343791,1.2767539
2.55074398343791,1.2648776
2.56545848343791,1.259163
2.57698528343791,1.2326763
2.58944958343791,1.2285858
2.60118518343791,1.2203529
2.61407318343791,1.1952891
2.62677608343791,1.1748447
2.64119828343791,1.1734515
2.65216988343791,1.1449158
2.66454448343791,1.1391491
2.67623868343791,1.1178702
2.69025478343791,1.1347606
2.70234888343791,1.1061728
2.71538578343791,1.1127069
2.72703828343791,1.1205822
2.73894708343791,1.0952055
2.75220528343791,1.1040121
2.76606028343791,1.0982454
2.77777208343791,1.0945275
2.78947228343791,1.0848119
2.80274218343791,1.0795295
2.81393468343791,1.0761917
2.82651818343791,1.0748878
2.83875548343791,1.0574832
2.85248508343791,1.0557399
2.86594028343791,1.0639355
2.87767018343791,1.0429323
2.89007468343791,1.0248423
2.90368478343791,1.0207369
2.91297308343791,1.0179803
2.92698328343791,1.0338426
2.94045628343791,1.0096207
2.95157138343791,1.006335
2.96549188343791,0.97902119
2.97728148343791,0.96344203
2.99090378343791,0.96586347
3.00177998343791,0.95288455
3.01490658343791,0.92469156
3.02629628343791,0.91643631
3.03975738343791,0.90111047
3.05112308343791,0.89993328
3.06346168343791,0.87746233
3.07765708343791,0.87119639
3.08963768343791,0.8635819
3.10203618343791,0.84420294
3.11476888343791,0.84694475
3.12594948343791,0.84314495
3.14068788343791,0.83777308
3.14940328343791,0.8264333
3.16378938343791,0.83144754
3.17687458343791,0.83096325
3.19117708343791,0.82068145
3.20248308343791,0.79145283
3.21318048343791,0.78052282
3.22619948343791,0.7686913
3.23921288343791,0.77291578
3.25192778343791,0.77979267
3.26519168343791,0.77047199
3.27765598343791,0.75916946
3.29021538343791,0.75785071
3.30221998343791,0.75855106
3.31540648343791,0.75330585
3.32593648343791,0.76910853
3.33865128343791,0.72985142
3.35196888343791,0.72091073
3.36495838343791,0.72496384
3.37622278343791,0.71144104
3.38894338343791,0.70754439
3.40258948343791,0.69681555
3.41536388343791,0.67775697
3.42523728343791,0.66950917
3.43875808343791,0.68109483
3.45237438343791,0.67637861
3.46411028343791,0.67574531
3.47727858343791,0.67087263
3.48953978343791,0.6384179
3.50295298343791,0.62535703
3.51355468343791,0.62368065
3.52802458343791,0.64428151
3.54033338343791,0.61558187
3.55225438343791,0.62758476
3.56493938343791,0.65091997
3.57617968343791,0.58989227
3.58907358343791,0.5909875
3.60215248343791,0.57756156
3.61386458343791,0.57152659
3.62722408343791,0.56602061
3.63927048343791,0.55769831
3.65273128343791,0.56428462
3.66403738343791,0.53567439
3.67826838343791,0.54683536
3.68942538343791,0.54741651
3.70208638343791,0.54693967
3.71449678343791,0.52547455
3.72677578343791,0.51900744
3.74003378343791,0.52465498
3.75213378343791,0.52419305
3.76385778343791,0.52435696
3.77612488343791,0.51822513
3.78768168343791,0.48585981
3.80204408343791,0.50152838
3.81530798343791,0.49374253
3.82568878343791,0.48545748
3.83969298343791,0.49046427
3.85252728343791,0.48591942
3.86463898343791,0.48267841
3.87524668343791,0.48258156
3.88785998343791,0.46085566
3.90110028343791,0.47190487
3.91326008343791,0.47150999
3.92726438343791,0.45879185
3.93946568343791,0.46335161
3.95209708343791,0.47149509
3.96514618343791,0.46306849
3.97605818343791,0.45669079
3.99041428343791,0.46215206
4.00314728343791,0.44694543
4.01512158343791,0.45184046
4.02680988343791,0.4638806
4.03788298343791,0.45958161
4.05132018343791,0.45263767
4.06467978343791,0.43622404
4.07690488343791,0.44865906
4.09018718343791,0.44757128
4.10219728343791,0.44135749
4.11510908343791,0.44110417
4.12526908343791,0.42852759
4.14049738343791,0.41529536
4.15176168343791,0.43445081
4.16330018343791,0.38129091
4.17699398343791,0.38413703
4.19037738343791,0.40130317
4.20201168343791,0.37775189
4.21505508343791,0.38404018
4.22660608343791,0.35372376
4.24089068343791,0.37001073
4.25220268343791,0.35515428
4.26310888343791,0.37436187
4.27656378343791,0.36393106
4.28881898343791,0.3548488
4.30189768343791,0.3663674
4.31579458343791,0.36083162
4.32751238343791,0.36084652
4.33896178343791,0.35646558
4.35204088343791,0.34487247
4.36397378343791,0.35218149
4.37717788343791,0.3426224
4.39006008343791,0.35327673
4.40133638343791,0.3464222
4.41428388343791,0.34318119
4.42629448343791,0.33472478
4.43925398343791,0.35429001
4.45060168343791,0.33860654
4.46287458343791,0.3451705
4.47899208343791,0.33017993
4.48945058343791,0.34238398
4.50204578343791,0.33675134
4.51487408343791,0.34096092
4.52731428343791,0.33836812
4.53993378343791,0.32952428
4.55335298343791,0.32483786
4.56438458343791,0.31889975
4.57707558343791,0.32836944
4.59021388343791,0.32958388
4.60181868343791,0.32492727
4.61495698343791,0.30706078
4.62688408343791,0.33828616
4.64091218343791,0.33052266
4.65340628343791,0.31070411
4.66549408343791,0.32439083
4.67654338343791,0.30022115
4.68995678343791,0.3099367
4.70234308343791,0.32240152
4.71326128343791,0.30023605
4.72628088343791,0.29813498
4.73905528343791,0.32330304
4.75260558343791,0.30457228
4.76534428343791,0.30760467
4.77521198343791,0.32515079
4.78843988343791,0.30981004
4.80022348343791,0.31805784
4.81479468343791,0.32036006
4.82668608343791,0.31079352
4.84016478343791,0.30303746
4.85246198343791,0.31208992
