0,8.88178419700125e-16
0.028757207876977,1.39576123896915
0.0575144157539541,2.79152247793831
0.0862716236309311,4.18728371690746
0.115028831507908,5.58304495587662
0.143786039384885,6.97880619484577
0.172543247261862,8.37456743381492
0.201300455138839,9.77032867278407
0.226882480852344,10.944947
0.239967430852344,11.574209
0.252473320852344,12.159035
0.265886570852344,12.823336
0.277670170852344,13.436906
0.288749390852344,13.972588
0.302837160852344,14.691636
0.316131020852344,15.244633
0.328350390852344,15.839025
0.337853690852344,16.399786
0.352729430852344,17.042696
0.364936850852344,17.676868
0.377878510852344,18.219702
0.391411150852344,18.869459
0.401380090852344,19.465879
0.416619920852344,19.999809
0.427925970852344,20.591833
0.441142230852344,21.20331
0.453283990852344,21.711721
0.465073610852344,22.272572
0.479507590852344,22.865108
0.491189740852344,23.295767
0.503224040852344,23.879446
0.515873220852344,24.292023
0.528701450852344,24.870329
0.538539020852344,25.305153
0.552901410852344,25.823229
0.565741560852344,26.312933
0.579041450852344,26.730389
0.589302800852344,27.192228
0.602274320852344,27.617947
0.614284780852344,27.657948
0.628396420852344,27.976841
0.640950110852344,28.368704
0.652984410852344,28.613798
0.666517040852344,28.873079
0.677327660852344,29.215851
0.690908040852344,29.527821
0.703610920852344,29.784031
0.716994310852344,29.959328
0.728157070852344,29.442913
0.740967420852344,29.684566
0.752780880852344,29.809155
0.766970120852344,29.828661
0.779852120852344,29.756285
0.788716700852344,29.816412
0.803079030852344,29.710657
0.816707220852344,29.582865
0.828049090852344,29.400148
0.840226670852344,29.397972
0.853807060852344,29.05979
0.863220780852344,28.668919
0.879917120852344,28.067745
0.889886120852344,26.253977
0.903973820852344,23.502439
0.915739520852344,21.86314
0.929027420852344,20.898447
0.940978220852344,20.091257
0.953215520852344,19.829214
0.963769420852344,19.308083
0.977916820852344,18.880344
0.990739120852344,18.400236
1.00390772085234,18.048494
1.01513022085234,17.693348
1.02903882085234,17.226025
1.03980772085234,16.782448
1.05093462085234,16.146906
1.06541632085234,15.676819
1.07629862085234,15.323043
1.08962232085234,14.877253
1.10145372085234,14.549791
1.11270602085234,14.163688
1.12872782085234,13.851911
1.13873852085234,13.649561
1.15366812085234,13.355829
1.16563672085234,13.051883
1.17660842085234,12.768083
1.19108432085234,12.525693
1.20378712085234,12.315527
1.21504552085234,12.139745
1.22809452085234,12.033165
1.23692922085234,11.810727
1.25233032085234,11.59665
1.26422732085234,11.168488
1.27824942085234,10.959879
1.29031962085234,10.755547
1.30323142085234,10.561876
1.31586272085234,10.374367
1.32806412085234,10.139026
1.34142962085234,9.9265356
1.35038972085234,9.8211098
1.36627422085234,9.6614361
1.37761012085234,9.4341707
1.39108312085234,9.3178158
1.40105802085234,9.1082897
1.41503232085234,8.9862499
1.42715622085234,8.8652592
1.44010972085234,8.7478456
1.45256202085234,8.5747023
1.46651842085234,8.4126444
1.47751402085234,8.1470604
1.49030652085234,7.948205
1.50229302085234,7.8052878
1.51541972085234,7.6282172
1.52877332085234,7.5244679
1.53913022085234,7.4614434
1.55175562085234,7.3598104
1.56625522085234,7.3076935
1.57871932085234,7.1862564
1.58978652085234,7.1076603
1.60382662085234,6.9275274
1.61583112085234,6.7867937
1.62735202085234,6.6888556
1.64068772085234,6.6137462
1.65467392085234,6.5290408
1.66558602085234,6.4187126
1.67938732085234,6.3347073
1.69140382085234,6.2076149
1.70327692085234,6.0807986
1.71655882085234,5.9852228
1.72717242085234,5.8953314
1.73974402085234,5.8326426
1.75525252085234,5.7601409
1.76383042085234,5.6857319
1.77793622085234,5.5791812
1.79131372085234,5.469583
1.80274502085234,5.3823667
1.81493452085234,5.3011851
1.82814482085234,5.244307
1.84072232085234,5.1547961
1.85349692085234,5.1055999
1.86669522085234,5.0790234
1.87757162085234,5.0070806
1.89002372085234,4.971653
1.90156842085234,4.9204602
1.91538172085234,4.8268661
1.92756512085234,4.7691913
1.94003532085234,4.6624465
1.95172932085234,4.5985131
1.96433072085234,4.4434071
1.97825742085234,4.3974442
1.99071552085234,4.2525754
2.00327522085234,4.1873975
2.01410372085234,4.0661693
2.02777362085234,4.11129
2.04097802085234,4.0474162
2.05442102085234,3.9885492
2.06533312085234,3.955327
2.07742722085234,3.9309039
2.09064942085234,3.895566
2.10382962085234,3.854528
2.11409712085234,3.8315878
2.12919382085234,3.7400796
2.14088182085234,3.7065597
2.15367412085234,3.637351
2.16516542085234,3.5774484
2.17910392085234,3.4899487
2.18843412085234,3.3863783
2.20271872085234,3.313683
2.21451452085234,3.2526777
2.22820832085234,3.1977594
2.23972922085234,3.0619576
2.25390652085234,3.0232296
2.26548122085234,2.9575453
2.27732442085234,2.9133558
2.29089882085234,2.7627573
2.30249742085234,2.6562066
2.31426312085234,2.6281402
2.32862542085234,2.5921912
2.34048682085234,2.5740564
2.35366112085234,2.5147424
2.36489562085234,2.5041327
2.37702542085234,2.4567695
2.39006262085234,2.4003239
2.40259842085234,2.3398027
2.41531322085234,2.3075194
2.42749672085234,2.2569671
2.44023542085234,2.2480786
2.45132072085234,2.1073074
2.46558742085234,2.0707994
2.47764562085234,2.0207689
2.49110082085234,1.9732118
2.50223952085234,1.9797161
2.51553942085234,1.9564033
2.52794392085234,1.9367784
2.54076002085234,1.9081011
2.55205422085234,1.8711462
2.56431532085234,1.8542707
2.57925082085234,1.7819777
2.59029412085234,1.7674267
2.60173152085234,1.7520785
2.61656552085234,1.7223284
2.62702992085234,1.7023311
2.64062832085234,1.7057359
2.65352232085234,1.6532614
2.66747862085234,1.6334131
2.67822962085234,1.6028807
2.69111162085234,1.581043
2.70260862085234,1.5082359
2.71581892085234,1.491189
2.72733972085234,1.4661998
2.74005462085234,1.4392807
2.75115782085234,1.4364495
2.76542452085234,1.4065876
2.77796632085234,1.3958216
2.79030512085234,1.3707802
2.80288862085234,1.3673379
2.81452892085234,1.3419986
2.82865242085234,1.2786462
2.83845432085234,1.2708828
2.85386132085234,1.2324303
2.86488682085234,1.1983067
2.87906412085234,1.1981279
2.89046572085234,1.1564791
2.90269092085234,1.1442974
2.91516712085234,1.1284798
2.92812662085234,1.1022538
2.94051912085234,1.0926425
2.95339512085234,1.0540857
2.96567422085234,1.0441989
2.97666382085234,1.0388269
2.98962332085234,1.0125265
3.00363952085234,1.0147765
3.01499342085234,0.9919107
3.02866322085234,0.97414851
3.04024392085234,0.94445795
3.05212312085234,0.95875561
3.06591822085234,0.94703585
3.07894352085234,0.92628598
3.09048842085234,0.91157109
3.10228992085234,0.92761219
3.11551812085234,0.90362132
3.12752252085234,0.87986141
3.14021352085234,0.872612
3.15322692085234,0.86115301
3.16509992085234,0.85517019
3.17764762085234,0.84774941
3.18964602085234,0.84648281
3.20244462085234,0.80232322
3.21519522085234,0.82421303
3.22928292085234,0.78688562
3.24035622085234,0.77755749
3.25332762085234,0.76189637
3.26659782085234,0.74342638
3.27939012085234,0.76311827
3.28983662085234,0.71722269
3.30320222085234,0.72780252
3.31594682085234,0.71460754
3.32831532085234,0.69689751
3.34085112085234,0.66429377
3.35175732085234,0.65756589
3.36708672085234,0.63514709
3.37909702085234,0.64272434
3.39148362085234,0.63654035
3.40092112085234,0.61836839
3.41491942085234,-0.010840595
3.42707922085234,-0.00064820051
3.44061782085234,0.018678606
3.45369082085234,0.0063702464
3.46346862085234,0.012770295
3.47836232085234,0.0068172812
3.49085622085234,0.0045448542
3.50296812085234,0.01270324
3.51652462085234,0.002078712
3.52783062085234,0.0054091215
3.54013372085234,0.0013187528
3.55235292085234,0.012747943
3.56506182085234,-0.0022873282
3.57810502085234,0.012114644
3.59067662085234,0.0045150518
3.60296752085234,0.013284385
3.61448242085234,0.0082030892
3.62819432085234,0.017680228
